951 1084
1 4.70000000000000e+00 0.00000000000000e+00 -1.20000000000000e+02
2 -4.70000000000000e+00 5.75583995599256e-16 -1.20000000000000e+02
3 3.25000000000000e+00 0.00000000000000e+00 0.00000000000000e+00
4 -3.25000000000000e+00 3.98010209722890e-16 0.00000000000000e+00
5 3.13925893543947e+00 8.41161896583192e-01 0.00000000000000e+00
6 2.81458256229943e+00 1.62500000000000e+00 0.00000000000000e+00
7 2.29809703885628e+00 2.29809703885628e+00 0.00000000000000e+00
8 1.62500000000000e+00 2.81458256229942e+00 0.00000000000000e+00
9 8.41161896583197e-01 3.13925893543947e+00 0.00000000000000e+00
10 5.97216483291226e-15 3.25000000000000e+00 0.00000000000000e+00
11 -8.41161896583186e-01 3.13925893543947e+00 0.00000000000000e+00
12 -1.62499999999999e+00 2.81458256229943e+00 0.00000000000000e+00
13 -2.29809703885627e+00 2.29809703885629e+00 0.00000000000000e+00
14 -2.81458256229942e+00 1.62500000000001e+00 0.00000000000000e+00
15 -3.13925893543947e+00 8.41161896583203e-01 0.00000000000000e+00
16 4.53985138355862e+00 1.21644951198185e+00 -1.20000000000000e+02
17 4.07031939778686e+00 2.35000000000000e+00 -1.20000000000000e+02
18 3.32340187157678e+00 3.32340187157677e+00 -1.20000000000000e+02
19 2.35000000000001e+00 4.07031939778686e+00 -1.20000000000000e+02
20 1.21644951198186e+00 4.53985138355862e+00 -1.20000000000000e+02
21 9.68027878612845e-15 4.70000000000000e+00 -1.20000000000000e+02
22 -1.21644951198184e+00 4.53985138355862e+00 -1.20000000000000e+02
23 -2.34999999999999e+00 4.07031939778687e+00 -1.20000000000000e+02
24 -3.32340187157676e+00 3.32340187157678e+00 -1.20000000000000e+02
25 -4.07031939778685e+00 2.35000000000001e+00 -1.20000000000000e+02
26 -4.53985138355862e+00 1.21644951198187e+00 -1.20000000000000e+02
27 -4.11250000000000e+00 5.03635996149349e-16 -1.20000000000000e+02
28 -3.52500000000000e+00 4.31687996699442e-16 -1.20000000000000e+02
29 -2.93750000000000e+00 3.59739997249535e-16 -1.20000000000000e+02
30 -2.35000000000000e+00 2.87791997799628e-16 -1.20000000000000e+02
31 -1.76250000000000e+00 2.15843998349721e-16 -1.20000000000000e+02
32 -1.17500000000000e+00 1.43895998899814e-16 -1.20000000000000e+02
33 -5.87500000000000e-01 7.19479994499071e-17 -1.20000000000000e+02
34 0.00000000000000e+00 0.00000000000000e+00 -1.20000000000000e+02
35 5.87500000000000e-01 0.00000000000000e+00 -1.20000000000000e+02
36 1.17500000000000e+00 0.00000000000000e+00 -1.20000000000000e+02
37 1.76250000000000e+00 0.00000000000000e+00 -1.20000000000000e+02
38 2.35000000000000e+00 0.00000000000000e+00 -1.20000000000000e+02
39 2.93750000000000e+00 0.00000000000000e+00 -1.20000000000000e+02
40 3.52500000000000e+00 0.00000000000000e+00 -1.20000000000000e+02
41 4.11250000000000e+00 0.00000000000000e+00 -1.20000000000000e+02
42 3.97236996061379e+00 1.06439332298411e+00 -1.20000000000000e+02
43 3.40488853766897e+00 9.12337133986383e-01 -1.20000000000000e+02
44 2.83740711472414e+00 7.60280944988653e-01 -1.20000000000000e+02
45 2.26992569177931e+00 6.08224755990922e-01 -1.20000000000000e+02
46 1.70244426883448e+00 4.56168566993192e-01 -1.20000000000000e+02
47 1.13496284588966e+00 3.04112377995461e-01 -1.20000000000000e+02
48 5.67481422944828e-01 1.52056188997731e-01 -1.20000000000000e+02
49 3.56152947306350e+00 2.05625000000000e+00 -1.20000000000000e+02
50 3.05273954834015e+00 1.76250000000000e+00 -1.20000000000000e+02
51 2.54394962361679e+00 1.46875000000000e+00 -1.20000000000000e+02
52 2.03515969889343e+00 1.17500000000000e+00 -1.20000000000000e+02
53 1.52636977417007e+00 8.81249999999998e-01 -1.20000000000000e+02
54 1.01757984944672e+00 5.87499999999999e-01 -1.20000000000000e+02
55 5.08789924723358e-01 2.93750000000000e-01 -1.20000000000000e+02
56 2.90797663762968e+00 2.90797663762967e+00 -1.20000000000000e+02
57 2.49255140368258e+00 2.49255140368257e+00 -1.20000000000000e+02
58 2.07712616973549e+00 2.07712616973548e+00 -1.20000000000000e+02
59 1.66170093578839e+00 1.66170093578838e+00 -1.20000000000000e+02
60 1.24627570184129e+00 1.24627570184129e+00 -1.20000000000000e+02
61 8.30850467894194e-01 8.30850467894191e-01 -1.20000000000000e+02
62 4.15425233947097e-01 4.15425233947096e-01 -1.20000000000000e+02
63 2.05625000000000e+00 3.56152947306350e+00 -1.20000000000000e+02
64 1.76250000000000e+00 3.05273954834014e+00 -1.20000000000000e+02
65 1.46875000000000e+00 2.54394962361678e+00 -1.20000000000000e+02
66 1.17500000000000e+00 2.03515969889343e+00 -1.20000000000000e+02
67 8.81250000000002e-01 1.52636977417007e+00 -1.20000000000000e+02
68 5.87500000000001e-01 1.01757984944671e+00 -1.20000000000000e+02
69 2.93750000000001e-01 5.08789924723357e-01 -1.20000000000000e+02
70 1.06439332298412e+00 3.97236996061379e+00 -1.20000000000000e+02
71 9.12337133986392e-01 3.40488853766896e+00 -1.20000000000000e+02
72 7.60280944988660e-01 2.83740711472413e+00 -1.20000000000000e+02
73 6.08224755990928e-01 2.26992569177931e+00 -1.20000000000000e+02
74 4.56168566993196e-01 1.70244426883448e+00 -1.20000000000000e+02
75 3.04112377995464e-01 1.13496284588965e+00 -1.20000000000000e+02
76 1.52056188997732e-01 5.67481422944827e-01 -1.20000000000000e+02
77 8.43769498715119e-15 4.11249999999999e+00 -1.20000000000000e+02
78 7.54951656745106e-15 3.52499999999999e+00 -1.20000000000000e+02
79 5.99520433297585e-15 2.93750000000000e+00 -1.20000000000000e+02
80 4.88498130835069e-15 2.35000000000000e+00 -1.20000000000000e+02
81 3.77475828372553e-15 1.76250000000000e+00 -1.20000000000000e+02
82 2.44249065417534e-15 1.17500000000000e+00 -1.20000000000000e+02
83 1.16573417585641e-15 5.87500000000000e-01 -1.20000000000000e+02
84 -1.06439332298411e+00 3.97236996061379e+00 -1.20000000000000e+02
85 -9.12337133986377e-01 3.40488853766896e+00 -1.20000000000000e+02
86 -7.60280944988648e-01 2.83740711472413e+00 -1.20000000000000e+02
87 -6.08224755990918e-01 2.26992569177931e+00 -1.20000000000000e+02
88 -4.56168566993189e-01 1.70244426883448e+00 -1.20000000000000e+02
89 -3.04112377995459e-01 1.13496284588965e+00 -1.20000000000000e+02
90 -1.52056188997730e-01 5.67481422944827e-01 -1.20000000000000e+02
91 -2.05624999999999e+00 3.56152947306350e+00 -1.20000000000000e+02
92 -1.76249999999999e+00 3.05273954834014e+00 -1.20000000000000e+02
93 -1.46874999999999e+00 2.54394962361679e+00 -1.20000000000000e+02
94 -1.17499999999999e+00 2.03515969889343e+00 -1.20000000000000e+02
95 -8.81249999999996e-01 1.52636977417007e+00 -1.20000000000000e+02
96 -5.87499999999997e-01 1.01757984944671e+00 -1.20000000000000e+02
97 -2.93749999999999e-01 5.08789924723358e-01 -1.20000000000000e+02
98 -2.90797663762967e+00 2.90797663762968e+00 -1.20000000000000e+02
99 -2.49255140368257e+00 2.49255140368258e+00 -1.20000000000000e+02
100 -2.07712616973548e+00 2.07712616973548e+00 -1.20000000000000e+02
101 -1.66170093578838e+00 1.66170093578839e+00 -1.20000000000000e+02
102 -1.24627570184129e+00 1.24627570184129e+00 -1.20000000000000e+02
103 -8.30850467894191e-01 8.30850467894193e-01 -1.20000000000000e+02
104 -4.15425233947096e-01 4.15425233947097e-01 -1.20000000000000e+02
105 -3.56152947306350e+00 2.05625000000000e+00 -1.20000000000000e+02
106 -3.05273954834014e+00 1.76250000000000e+00 -1.20000000000000e+02
107 -2.54394962361678e+00 1.46875000000000e+00 -1.20000000000000e+02
108 -2.03515969889343e+00 1.17500000000000e+00 -1.20000000000000e+02
109 -1.52636977417007e+00 8.81250000000001e-01 -1.20000000000000e+02
110 -1.01757984944671e+00 5.87500000000001e-01 -1.20000000000000e+02
111 -5.08789924723357e-01 2.93750000000001e-01 -1.20000000000000e+02
112 -3.97236996061379e+00 1.06439332298412e+00 -1.20000000000000e+02
113 -3.40488853766896e+00 9.12337133986389e-01 -1.20000000000000e+02
114 -2.83740711472413e+00 7.60280944988657e-01 -1.20000000000000e+02
115 -2.26992569177931e+00 6.08224755990926e-01 -1.20000000000000e+02
116 -1.70244426883448e+00 4.56168566993194e-01 -1.20000000000000e+02
117 -1.13496284588965e+00 3.04112377995463e-01 -1.20000000000000e+02
118 -5.67481422944828e-01 1.52056188997732e-01 -1.20000000000000e+02
119 2.60000000000000e+00 0.00000000000000e+00 0.00000000000000e+00
120 1.95000000000000e+00 0.00000000000000e+00 0.00000000000000e+00
121 1.30000000000000e+00 0.00000000000000e+00 0.00000000000000e+00
122 6.50000000000000e-01 0.00000000000000e+00 0.00000000000000e+00
123 0.00000000000000e+00 0.00000000000000e+00 0.00000000000000e+00
124 -6.50000000000000e-01 7.96020419445779e-17 0.00000000000000e+00
125 -1.30000000000000e+00 1.59204083889156e-16 0.00000000000000e+00
126 -1.95000000000000e+00 2.38806125833734e-16 0.00000000000000e+00
127 -2.60000000000000e+00 3.18408167778312e-16 0.00000000000000e+00
128 -2.51140714835157e+00 6.72929517266555e-01 0.00000000000000e+00
129 -1.88355536126368e+00 5.04697137949916e-01 0.00000000000000e+00
130 -1.25570357417579e+00 3.36464758633277e-01 0.00000000000000e+00
131 -6.27851787087894e-01 1.68232379316639e-01 0.00000000000000e+00
132 -2.25166604983954e+00 1.30000000000000e+00 0.00000000000000e+00
133 -1.68874953737965e+00 9.75000000000000e-01 0.00000000000000e+00
134 -1.12583302491977e+00 6.50000000000000e-01 0.00000000000000e+00
135 -5.62916512459884e-01 3.25000000000000e-01 0.00000000000000e+00
136 -1.83847763108502e+00 1.83847763108502e+00 0.00000000000000e+00
137 -1.37885822331376e+00 1.37885822331377e+00 0.00000000000000e+00
138 -9.19238815542509e-01 9.19238815542511e-01 0.00000000000000e+00
139 -4.59619407771254e-01 4.59619407771256e-01 0.00000000000000e+00
140 -1.29999999999999e+00 2.25166604983954e+00 0.00000000000000e+00
141 -9.74999999999996e-01 1.68874953737965e+00 0.00000000000000e+00
142 -6.49999999999997e-01 1.12583302491977e+00 0.00000000000000e+00
143 -3.24999999999999e-01 5.62916512459884e-01 0.00000000000000e+00
144 -6.72929517266549e-01 2.51140714835157e+00 0.00000000000000e+00
145 -5.04697137949911e-01 1.88355536126368e+00 0.00000000000000e+00
146 -3.36464758633274e-01 1.25570357417579e+00 0.00000000000000e+00
147 -1.68232379316637e-01 6.27851787087893e-01 0.00000000000000e+00
148 4.66293670342566e-15 2.60000000000000e+00 0.00000000000000e+00
149 3.55271367880050e-15 1.95000000000000e+00 0.00000000000000e+00
150 2.44249065417534e-15 1.30000000000000e+00 0.00000000000000e+00
151 1.16573417585641e-15 6.49999999999999e-01 0.00000000000000e+00
152 6.72929517266558e-01 2.51140714835157e+00 0.00000000000000e+00
153 5.04697137949918e-01 1.88355536126368e+00 0.00000000000000e+00
154 3.36464758633279e-01 1.25570357417579e+00 0.00000000000000e+00
155 1.68232379316639e-01 6.27851787087893e-01 0.00000000000000e+00
156 1.30000000000000e+00 2.25166604983954e+00 0.00000000000000e+00
157 9.75000000000002e-01 1.68874953737965e+00 0.00000000000000e+00
158 6.50000000000002e-01 1.12583302491977e+00 0.00000000000000e+00
159 3.25000000000001e-01 5.62916512459884e-01 0.00000000000000e+00
160 1.83847763108503e+00 1.83847763108502e+00 0.00000000000000e+00
161 1.37885822331377e+00 1.37885822331376e+00 0.00000000000000e+00
162 9.19238815542513e-01 9.19238815542510e-01 0.00000000000000e+00
163 4.59619407771256e-01 4.59619407771255e-01 0.00000000000000e+00
164 2.25166604983954e+00 1.30000000000000e+00 0.00000000000000e+00
165 1.68874953737966e+00 9.74999999999998e-01 0.00000000000000e+00
166 1.12583302491977e+00 6.49999999999999e-01 0.00000000000000e+00
167 5.62916512459885e-01 3.24999999999999e-01 0.00000000000000e+00
168 2.51140714835158e+00 6.72929517266553e-01 0.00000000000000e+00
169 1.88355536126368e+00 5.04697137949914e-01 0.00000000000000e+00
170 1.25570357417579e+00 3.36464758633276e-01 0.00000000000000e+00
171 6.27851787087894e-01 1.68232379316638e-01 0.00000000000000e+00
172 3.25000000000000e+00 0.00000000000000e+00 -4.00000000000000e+00
173 -3.25000000000000e+00 3.98010209722890e-16 -4.00000000000000e+00
174 4.70000000000000e+00 0.00000000000000e+00 -1.20000000000000e+01
175 -4.70000000000000e+00 5.75583995599256e-16 -1.20000000000000e+01
176 3.13925893543947e+00 8.41161896583191e-01 -4.00000000000000e+00
177 2.81458256229943e+00 1.62500000000000e+00 -4.00000000000000e+00
178 2.29809703885628e+00 2.29809703885628e+00 -4.00000000000000e+00
179 1.62500000000000e+00 2.81458256229942e+00 -4.00000000000000e+00
180 8.41161896583199e-01 3.13925893543947e+00 -4.00000000000000e+00
181 7.41545476492496e-15 3.25000000000000e+00 -4.00000000000000e+00
182 -8.41161896583184e-01 3.13925893543947e+00 -4.00000000000000e+00
183 -1.62499999999999e+00 2.81458256229943e+00 -4.00000000000000e+00
184 -2.29809703885627e+00 2.29809703885629e+00 -4.00000000000000e+00
185 -2.81458256229942e+00 1.62500000000001e+00 -4.00000000000000e+00
186 -3.13925893543947e+00 8.41161896583205e-01 -4.00000000000000e+00
187 -3.25000000000000e+00 3.98010209722890e-16 -2.00000000000000e+00
188 3.25000000000000e+00 0.00000000000000e+00 -2.00000000000000e+00
189 4.53985138355862e+00 1.21644951198185e+00 -1.20000000000000e+01
190 4.07031939778686e+00 2.35000000000000e+00 -1.20000000000000e+01
191 3.32340187157678e+00 3.32340187157677e+00 -1.20000000000000e+01
192 2.35000000000001e+00 4.07031939778686e+00 -1.20000000000000e+01
193 1.21644951198186e+00 4.53985138355862e+00 -1.20000000000000e+01
194 9.68027878612845e-15 4.70000000000000e+00 -1.20000000000000e+01
195 -1.21644951198184e+00 4.53985138355862e+00 -1.20000000000000e+01
196 -2.34999999999999e+00 4.07031939778687e+00 -1.20000000000000e+01
197 -3.32340187157676e+00 3.32340187157678e+00 -1.20000000000000e+01
198 -4.07031939778685e+00 2.35000000000001e+00 -1.20000000000000e+01
199 -4.53985138355862e+00 1.21644951198186e+00 -1.20000000000000e+01
200 -3.54000000000000e+00 4.33524966898163e-16 -5.60000000000000e+00
201 -3.83000000000000e+00 4.69039724073436e-16 -7.20000000000000e+00
202 -4.12000000000000e+00 5.04554481248709e-16 -8.80000000000000e+00
203 -4.41000000000000e+00 5.40069238423983e-16 -1.04000000000000e+01
204 3.54000000000000e+00 0.00000000000000e+00 -5.60000000000000e+00
205 3.83000000000000e+00 0.00000000000000e+00 -7.20000000000000e+00
206 4.12000000000000e+00 0.00000000000000e+00 -8.80000000000000e+00
207 4.41000000000000e+00 0.00000000000000e+00 -1.04000000000000e+01
208 -4.70000000000000e+00 5.75583995599256e-16 -1.40000000000000e+01
209 -4.70000000000000e+00 5.75583995599256e-16 -1.60000000000000e+01
210 -4.70000000000000e+00 5.75583995599256e-16 -1.80000000000000e+01
211 -4.70000000000000e+00 5.75583995599256e-16 -2.00000000000000e+01
212 -4.70000000000000e+00 5.75583995599256e-16 -2.20000000000000e+01
213 -4.70000000000000e+00 5.75583995599256e-16 -2.40000000000000e+01
214 -4.70000000000000e+00 5.75583995599256e-16 -2.60000000000000e+01
215 -4.70000000000000e+00 5.75583995599256e-16 -2.80000000000000e+01
216 -4.70000000000000e+00 5.75583995599256e-16 -3.00000000000000e+01
217 -4.70000000000000e+00 5.75583995599256e-16 -3.20000000000000e+01
218 -4.70000000000000e+00 5.75583995599256e-16 -3.40000000000000e+01
219 -4.70000000000000e+00 5.75583995599256e-16 -3.60000000000000e+01
220 -4.70000000000000e+00 5.75583995599256e-16 -3.80000000000000e+01
221 -4.70000000000000e+00 5.75583995599256e-16 -4.00000000000000e+01
222 -4.70000000000000e+00 5.75583995599256e-16 -4.20000000000000e+01
223 -4.70000000000000e+00 5.75583995599256e-16 -4.40000000000000e+01
224 -4.70000000000000e+00 5.75583995599256e-16 -4.60000000000000e+01
225 -4.70000000000000e+00 5.75583995599256e-16 -4.80000000000000e+01
226 -4.70000000000000e+00 5.75583995599256e-16 -5.00000000000000e+01
227 -4.70000000000000e+00 5.75583995599256e-16 -5.20000000000000e+01
228 -4.70000000000000e+00 5.75583995599256e-16 -5.40000000000000e+01
229 -4.70000000000000e+00 5.75583995599256e-16 -5.60000000000000e+01
230 -4.70000000000000e+00 5.75583995599256e-16 -5.80000000000000e+01
231 -4.70000000000000e+00 5.75583995599256e-16 -6.00000000000000e+01
232 -4.70000000000000e+00 5.75583995599256e-16 -6.20000000000000e+01
233 -4.70000000000000e+00 5.75583995599256e-16 -6.40000000000000e+01
234 -4.70000000000000e+00 5.75583995599256e-16 -6.60000000000000e+01
235 -4.70000000000000e+00 5.75583995599256e-16 -6.80000000000000e+01
236 -4.70000000000000e+00 5.75583995599256e-16 -7.00000000000000e+01
237 -4.70000000000000e+00 5.75583995599256e-16 -7.20000000000000e+01
238 -4.70000000000000e+00 5.75583995599256e-16 -7.40000000000000e+01
239 -4.70000000000000e+00 5.75583995599256e-16 -7.60000000000000e+01
240 -4.70000000000000e+00 5.75583995599256e-16 -7.80000000000000e+01
241 -4.70000000000000e+00 5.75583995599256e-16 -8.00000000000000e+01
242 -4.70000000000000e+00 5.75583995599256e-16 -8.20000000000000e+01
243 -4.70000000000000e+00 5.75583995599256e-16 -8.40000000000000e+01
244 -4.70000000000000e+00 5.75583995599256e-16 -8.60000000000000e+01
245 -4.70000000000000e+00 5.75583995599256e-16 -8.80000000000000e+01
246 -4.70000000000000e+00 5.75583995599256e-16 -9.00000000000000e+01
247 -4.70000000000000e+00 5.75583995599256e-16 -9.20000000000000e+01
248 -4.70000000000000e+00 5.75583995599256e-16 -9.40000000000000e+01
249 -4.70000000000000e+00 5.75583995599256e-16 -9.60000000000000e+01
250 -4.70000000000000e+00 5.75583995599256e-16 -9.80000000000000e+01
251 -4.70000000000000e+00 5.75583995599256e-16 -1.00000000000000e+02
252 -4.70000000000000e+00 5.75583995599256e-16 -1.02000000000000e+02
253 -4.70000000000000e+00 5.75583995599256e-16 -1.04000000000000e+02
254 -4.70000000000000e+00 5.75583995599256e-16 -1.06000000000000e+02
255 -4.70000000000000e+00 5.75583995599256e-16 -1.08000000000000e+02
256 -4.70000000000000e+00 5.75583995599256e-16 -1.10000000000000e+02
257 -4.70000000000000e+00 5.75583995599256e-16 -1.12000000000000e+02
258 -4.70000000000000e+00 5.75583995599256e-16 -1.14000000000000e+02
259 -4.70000000000000e+00 5.75583995599256e-16 -1.16000000000000e+02
260 -4.70000000000000e+00 5.75583995599256e-16 -1.18000000000000e+02
261 4.70000000000000e+00 0.00000000000000e+00 -1.40000000000000e+01
262 4.70000000000000e+00 0.00000000000000e+00 -1.60000000000000e+01
263 4.70000000000000e+00 0.00000000000000e+00 -1.80000000000000e+01
264 4.70000000000000e+00 0.00000000000000e+00 -2.00000000000000e+01
265 4.70000000000000e+00 0.00000000000000e+00 -2.20000000000000e+01
266 4.70000000000000e+00 0.00000000000000e+00 -2.40000000000000e+01
267 4.70000000000000e+00 0.00000000000000e+00 -2.60000000000000e+01
268 4.70000000000000e+00 0.00000000000000e+00 -2.80000000000000e+01
269 4.70000000000000e+00 0.00000000000000e+00 -3.00000000000000e+01
270 4.70000000000000e+00 0.00000000000000e+00 -3.20000000000000e+01
271 4.70000000000000e+00 0.00000000000000e+00 -3.40000000000000e+01
272 4.70000000000000e+00 0.00000000000000e+00 -3.60000000000000e+01
273 4.70000000000000e+00 0.00000000000000e+00 -3.80000000000000e+01
274 4.70000000000000e+00 0.00000000000000e+00 -4.00000000000000e+01
275 4.70000000000000e+00 0.00000000000000e+00 -4.20000000000000e+01
276 4.70000000000000e+00 0.00000000000000e+00 -4.40000000000000e+01
277 4.70000000000000e+00 0.00000000000000e+00 -4.60000000000000e+01
278 4.70000000000000e+00 0.00000000000000e+00 -4.80000000000000e+01
279 4.70000000000000e+00 0.00000000000000e+00 -5.00000000000000e+01
280 4.70000000000000e+00 0.00000000000000e+00 -5.20000000000000e+01
281 4.70000000000000e+00 0.00000000000000e+00 -5.40000000000000e+01
282 4.70000000000000e+00 0.00000000000000e+00 -5.60000000000000e+01
283 4.70000000000000e+00 0.00000000000000e+00 -5.80000000000000e+01
284 4.70000000000000e+00 0.00000000000000e+00 -6.00000000000000e+01
285 4.70000000000000e+00 0.00000000000000e+00 -6.20000000000000e+01
286 4.70000000000000e+00 0.00000000000000e+00 -6.40000000000000e+01
287 4.70000000000000e+00 0.00000000000000e+00 -6.60000000000000e+01
288 4.70000000000000e+00 0.00000000000000e+00 -6.80000000000000e+01
289 4.70000000000000e+00 0.00000000000000e+00 -7.00000000000000e+01
290 4.70000000000000e+00 0.00000000000000e+00 -7.20000000000000e+01
291 4.70000000000000e+00 0.00000000000000e+00 -7.40000000000000e+01
292 4.70000000000000e+00 0.00000000000000e+00 -7.60000000000000e+01
293 4.70000000000000e+00 0.00000000000000e+00 -7.80000000000000e+01
294 4.70000000000000e+00 0.00000000000000e+00 -8.00000000000000e+01
295 4.70000000000000e+00 0.00000000000000e+00 -8.20000000000000e+01
296 4.70000000000000e+00 0.00000000000000e+00 -8.40000000000000e+01
297 4.70000000000000e+00 0.00000000000000e+00 -8.60000000000000e+01
298 4.70000000000000e+00 0.00000000000000e+00 -8.80000000000000e+01
299 4.70000000000000e+00 0.00000000000000e+00 -9.00000000000000e+01
300 4.70000000000000e+00 0.00000000000000e+00 -9.20000000000000e+01
301 4.70000000000000e+00 0.00000000000000e+00 -9.40000000000000e+01
302 4.70000000000000e+00 0.00000000000000e+00 -9.60000000000000e+01
303 4.70000000000000e+00 0.00000000000000e+00 -9.80000000000000e+01
304 4.70000000000000e+00 0.00000000000000e+00 -1.00000000000000e+02
305 4.70000000000000e+00 0.00000000000000e+00 -1.02000000000000e+02
306 4.70000000000000e+00 0.00000000000000e+00 -1.04000000000000e+02
307 4.70000000000000e+00 0.00000000000000e+00 -1.06000000000000e+02
308 4.70000000000000e+00 0.00000000000000e+00 -1.08000000000000e+02
309 4.70000000000000e+00 0.00000000000000e+00 -1.10000000000000e+02
310 4.70000000000000e+00 0.00000000000000e+00 -1.12000000000000e+02
311 4.70000000000000e+00 0.00000000000000e+00 -1.14000000000000e+02
312 4.70000000000000e+00 0.00000000000000e+00 -1.16000000000000e+02
313 4.70000000000000e+00 0.00000000000000e+00 -1.18000000000000e+02
314 3.13925893543947e+00 8.41161896583192e-01 -2.00000000000000e+00
315 2.81458256229943e+00 1.62500000000000e+00 -2.00000000000000e+00
316 2.29809703885628e+00 2.29809703885628e+00 -2.00000000000000e+00
317 1.62500000000000e+00 2.81458256229942e+00 -2.00000000000000e+00
318 8.41161896583196e-01 3.13925893543947e+00 -2.00000000000000e+00
319 4.52887490089956e-15 3.25000000000000e+00 -2.00000000000000e+00
320 -8.41161896583189e-01 3.13925893543947e+00 -2.00000000000000e+00
321 -1.62500000000000e+00 2.81458256229943e+00 -2.00000000000000e+00
322 -2.29809703885628e+00 2.29809703885628e+00 -2.00000000000000e+00
323 -2.81458256229942e+00 1.62500000000000e+00 -2.00000000000000e+00
324 -3.13925893543947e+00 8.41161896583198e-01 -2.00000000000000e+00
325 3.41937742506330e+00 9.16219419662923e-01 -5.60000000000000e+00
326 3.69949591468713e+00 9.91276942742654e-01 -7.20000000000000e+00
327 3.97961440431096e+00 1.06633446582238e+00 -8.80000000000000e+00
328 4.25973289393479e+00 1.14139198890211e+00 -1.04000000000000e+01
329 3.06572992939691e+00 1.77000000000000e+00 -5.60000000000000e+00
330 3.31687729649440e+00 1.91500000000000e+00 -7.20000000000000e+00
331 3.56802466359189e+00 2.06000000000000e+00 -8.80000000000000e+00
332 3.81917203068937e+00 2.20500000000000e+00 -1.04000000000000e+01
333 2.50315800540038e+00 2.50315800540038e+00 -5.60000000000000e+00
334 2.70821897194448e+00 2.70821897194447e+00 -7.20000000000000e+00
335 2.91327993848858e+00 2.91327993848857e+00 -8.80000000000000e+00
336 3.11834090503268e+00 3.11834090503267e+00 -1.04000000000000e+01
337 1.77000000000000e+00 3.06572992939691e+00 -5.60000000000000e+00
338 1.91500000000000e+00 3.31687729649440e+00 -7.20000000000000e+00
339 2.06000000000000e+00 3.56802466359188e+00 -8.80000000000000e+00
340 2.20500000000000e+00 3.81917203068937e+00 -1.04000000000000e+01
341 9.16219419662926e-01 3.41937742506330e+00 -5.60000000000000e+00
342 9.91276942742658e-01 3.69949591468713e+00 -7.20000000000000e+00
343 1.06633446582239e+00 3.97961440431096e+00 -8.80000000000000e+00
344 1.14139198890212e+00 4.25973289393479e+00 -1.04000000000000e+01
345 4.14695199062213e-15 3.54000000000000e+00 -5.60000000000000e+00
346 5.33710488321394e-15 3.83000000000000e+00 -7.20000000000000e+00
347 7.57086741895338e-15 4.12000000000000e+00 -8.80000000000000e+00
348 9.08298498868648e-15 4.41000000000000e+00 -1.04000000000000e+01
349 -9.16219419662918e-01 3.41937742506330e+00 -5.60000000000000e+00
350 -9.91276942742648e-01 3.69949591468713e+00 -7.20000000000000e+00
351 -1.06633446582238e+00 3.97961440431096e+00 -8.80000000000000e+00
352 -1.14139198890211e+00 4.25973289393479e+00 -1.04000000000000e+01
353 -1.77000000000000e+00 3.06572992939691e+00 -5.60000000000000e+00
354 -1.91499999999999e+00 3.31687729649440e+00 -7.20000000000000e+00
355 -2.05999999999999e+00 3.56802466359189e+00 -8.80000000000000e+00
356 -2.20499999999999e+00 3.81917203068938e+00 -1.04000000000000e+01
357 -2.50315800540037e+00 2.50315800540038e+00 -5.60000000000000e+00
358 -2.70821897194447e+00 2.70821897194448e+00 -7.20000000000000e+00
359 -2.91327993848857e+00 2.91327993848858e+00 -8.80000000000000e+00
360 -3.11834090503267e+00 3.11834090503268e+00 -1.04000000000000e+01
361 -3.06572992939691e+00 1.77000000000001e+00 -5.60000000000000e+00
362 -3.31687729649440e+00 1.91500000000001e+00 -7.20000000000000e+00
363 -3.56802466359188e+00 2.06000000000001e+00 -8.80000000000000e+00
364 -3.81917203068937e+00 2.20500000000001e+00 -1.04000000000000e+01
365 -3.41937742506330e+00 9.16219419662929e-01 -5.60000000000000e+00
366 -3.69949591468713e+00 9.91276942742662e-01 -7.20000000000000e+00
367 -3.97961440431096e+00 1.06633446582240e+00 -8.80000000000000e+00
368 -4.25973289393479e+00 1.14139198890213e+00 -1.04000000000000e+01
369 4.53985138355862e+00 1.21644951198185e+00 -1.40000000000000e+01
370 4.53985138355862e+00 1.21644951198185e+00 -1.60000000000000e+01
371 4.53985138355862e+00 1.21644951198185e+00 -1.80000000000000e+01
372 4.53985138355862e+00 1.21644951198185e+00 -2.00000000000000e+01
373 4.53985138355862e+00 1.21644951198185e+00 -2.20000000000000e+01
374 4.53985138355862e+00 1.21644951198185e+00 -2.40000000000000e+01
375 4.53985138355862e+00 1.21644951198185e+00 -2.60000000000000e+01
376 4.53985138355862e+00 1.21644951198185e+00 -2.80000000000000e+01
377 4.53985138355862e+00 1.21644951198185e+00 -3.00000000000000e+01
378 4.53985138355862e+00 1.21644951198185e+00 -3.20000000000000e+01
379 4.53985138355862e+00 1.21644951198185e+00 -3.40000000000000e+01
380 4.53985138355862e+00 1.21644951198185e+00 -3.60000000000000e+01
381 4.53985138355862e+00 1.21644951198185e+00 -3.80000000000000e+01
382 4.53985138355862e+00 1.21644951198185e+00 -4.00000000000000e+01
383 4.53985138355862e+00 1.21644951198185e+00 -4.20000000000000e+01
384 4.53985138355862e+00 1.21644951198185e+00 -4.40000000000000e+01
385 4.53985138355862e+00 1.21644951198185e+00 -4.60000000000000e+01
386 4.53985138355862e+00 1.21644951198185e+00 -4.80000000000000e+01
387 4.53985138355862e+00 1.21644951198185e+00 -5.00000000000000e+01
388 4.53985138355862e+00 1.21644951198185e+00 -5.20000000000000e+01
389 4.53985138355862e+00 1.21644951198185e+00 -5.40000000000000e+01
390 4.53985138355862e+00 1.21644951198185e+00 -5.60000000000000e+01
391 4.53985138355862e+00 1.21644951198185e+00 -5.80000000000000e+01
392 4.53985138355862e+00 1.21644951198185e+00 -6.00000000000000e+01
393 4.53985138355862e+00 1.21644951198185e+00 -6.20000000000000e+01
394 4.53985138355862e+00 1.21644951198185e+00 -6.40000000000000e+01
395 4.53985138355862e+00 1.21644951198185e+00 -6.60000000000000e+01
396 4.53985138355862e+00 1.21644951198185e+00 -6.80000000000000e+01
397 4.53985138355862e+00 1.21644951198185e+00 -7.00000000000000e+01
398 4.53985138355862e+00 1.21644951198185e+00 -7.20000000000000e+01
399 4.53985138355862e+00 1.21644951198185e+00 -7.40000000000000e+01
400 4.53985138355862e+00 1.21644951198185e+00 -7.60000000000000e+01
401 4.53985138355862e+00 1.21644951198185e+00 -7.80000000000000e+01
402 4.53985138355862e+00 1.21644951198185e+00 -8.00000000000000e+01
403 4.53985138355862e+00 1.21644951198185e+00 -8.20000000000000e+01
404 4.53985138355862e+00 1.21644951198185e+00 -8.40000000000000e+01
405 4.53985138355862e+00 1.21644951198185e+00 -8.60000000000000e+01
406 4.53985138355862e+00 1.21644951198185e+00 -8.80000000000000e+01
407 4.53985138355862e+00 1.21644951198185e+00 -9.00000000000000e+01
408 4.53985138355862e+00 1.21644951198185e+00 -9.20000000000000e+01
409 4.53985138355862e+00 1.21644951198185e+00 -9.40000000000000e+01
410 4.53985138355862e+00 1.21644951198185e+00 -9.60000000000000e+01
411 4.53985138355862e+00 1.21644951198185e+00 -9.80000000000000e+01
412 4.53985138355862e+00 1.21644951198185e+00 -1.00000000000000e+02
413 4.53985138355862e+00 1.21644951198185e+00 -1.02000000000000e+02
414 4.53985138355862e+00 1.21644951198185e+00 -1.04000000000000e+02
415 4.53985138355862e+00 1.21644951198185e+00 -1.06000000000000e+02
416 4.53985138355862e+00 1.21644951198185e+00 -1.08000000000000e+02
417 4.53985138355862e+00 1.21644951198185e+00 -1.10000000000000e+02
418 4.53985138355862e+00 1.21644951198185e+00 -1.12000000000000e+02
419 4.53985138355862e+00 1.21644951198185e+00 -1.14000000000000e+02
420 4.53985138355862e+00 1.21644951198185e+00 -1.16000000000000e+02
421 4.53985138355862e+00 1.21644951198185e+00 -1.18000000000000e+02
422 4.07031939778686e+00 2.35000000000000e+00 -1.40000000000000e+01
423 4.07031939778686e+00 2.35000000000000e+00 -1.60000000000000e+01
424 4.07031939778686e+00 2.35000000000000e+00 -1.80000000000000e+01
425 4.07031939778686e+00 2.35000000000000e+00 -2.00000000000000e+01
426 4.07031939778686e+00 2.35000000000000e+00 -2.20000000000000e+01
427 4.07031939778686e+00 2.35000000000000e+00 -2.40000000000000e+01
428 4.07031939778686e+00 2.35000000000000e+00 -2.60000000000000e+01
429 4.07031939778686e+00 2.35000000000000e+00 -2.80000000000000e+01
430 4.07031939778686e+00 2.35000000000000e+00 -3.00000000000000e+01
431 4.07031939778686e+00 2.35000000000000e+00 -3.20000000000000e+01
432 4.07031939778686e+00 2.35000000000000e+00 -3.40000000000000e+01
433 4.07031939778686e+00 2.35000000000000e+00 -3.60000000000000e+01
434 4.07031939778686e+00 2.35000000000000e+00 -3.80000000000000e+01
435 4.07031939778686e+00 2.35000000000000e+00 -4.00000000000000e+01
436 4.07031939778686e+00 2.35000000000000e+00 -4.20000000000000e+01
437 4.07031939778686e+00 2.35000000000000e+00 -4.40000000000000e+01
438 4.07031939778686e+00 2.35000000000000e+00 -4.60000000000000e+01
439 4.07031939778686e+00 2.35000000000000e+00 -4.80000000000000e+01
440 4.07031939778686e+00 2.35000000000000e+00 -5.00000000000000e+01
441 4.07031939778686e+00 2.35000000000000e+00 -5.20000000000000e+01
442 4.07031939778686e+00 2.35000000000000e+00 -5.40000000000000e+01
443 4.07031939778686e+00 2.35000000000000e+00 -5.60000000000000e+01
444 4.07031939778686e+00 2.35000000000000e+00 -5.80000000000000e+01
445 4.07031939778686e+00 2.35000000000000e+00 -6.00000000000000e+01
446 4.07031939778686e+00 2.35000000000000e+00 -6.20000000000000e+01
447 4.07031939778686e+00 2.35000000000000e+00 -6.40000000000000e+01
448 4.07031939778686e+00 2.35000000000000e+00 -6.60000000000000e+01
449 4.07031939778686e+00 2.35000000000000e+00 -6.80000000000000e+01
450 4.07031939778686e+00 2.35000000000000e+00 -7.00000000000000e+01
451 4.07031939778686e+00 2.35000000000000e+00 -7.20000000000000e+01
452 4.07031939778686e+00 2.35000000000000e+00 -7.40000000000000e+01
453 4.07031939778686e+00 2.35000000000000e+00 -7.60000000000000e+01
454 4.07031939778686e+00 2.35000000000000e+00 -7.80000000000000e+01
455 4.07031939778686e+00 2.35000000000000e+00 -8.00000000000000e+01
456 4.07031939778686e+00 2.35000000000000e+00 -8.20000000000000e+01
457 4.07031939778686e+00 2.35000000000000e+00 -8.40000000000000e+01
458 4.07031939778686e+00 2.35000000000000e+00 -8.60000000000000e+01
459 4.07031939778686e+00 2.35000000000000e+00 -8.80000000000000e+01
460 4.07031939778686e+00 2.35000000000000e+00 -9.00000000000000e+01
461 4.07031939778686e+00 2.35000000000000e+00 -9.20000000000000e+01
462 4.07031939778686e+00 2.35000000000000e+00 -9.40000000000000e+01
463 4.07031939778686e+00 2.35000000000000e+00 -9.60000000000000e+01
464 4.07031939778686e+00 2.35000000000000e+00 -9.80000000000000e+01
465 4.07031939778686e+00 2.35000000000000e+00 -1.00000000000000e+02
466 4.07031939778686e+00 2.35000000000000e+00 -1.02000000000000e+02
467 4.07031939778686e+00 2.35000000000000e+00 -1.04000000000000e+02
468 4.07031939778686e+00 2.35000000000000e+00 -1.06000000000000e+02
469 4.07031939778686e+00 2.35000000000000e+00 -1.08000000000000e+02
470 4.07031939778686e+00 2.35000000000000e+00 -1.10000000000000e+02
471 4.07031939778686e+00 2.35000000000000e+00 -1.12000000000000e+02
472 4.07031939778686e+00 2.35000000000000e+00 -1.14000000000000e+02
473 4.07031939778686e+00 2.35000000000000e+00 -1.16000000000000e+02
474 4.07031939778686e+00 2.35000000000000e+00 -1.18000000000000e+02
475 3.32340187157677e+00 3.32340187157677e+00 -1.40000000000000e+01
476 3.32340187157677e+00 3.32340187157677e+00 -1.60000000000000e+01
477 3.32340187157677e+00 3.32340187157677e+00 -1.80000000000000e+01
478 3.32340187157677e+00 3.32340187157677e+00 -2.00000000000000e+01
479 3.32340187157677e+00 3.32340187157677e+00 -2.20000000000000e+01
480 3.32340187157677e+00 3.32340187157677e+00 -2.40000000000000e+01
481 3.32340187157677e+00 3.32340187157677e+00 -2.60000000000000e+01
482 3.32340187157677e+00 3.32340187157677e+00 -2.80000000000000e+01
483 3.32340187157677e+00 3.32340187157677e+00 -3.00000000000000e+01
484 3.32340187157677e+00 3.32340187157677e+00 -3.20000000000000e+01
485 3.32340187157678e+00 3.32340187157677e+00 -3.40000000000000e+01
486 3.32340187157677e+00 3.32340187157677e+00 -3.60000000000000e+01
487 3.32340187157678e+00 3.32340187157677e+00 -3.80000000000000e+01
488 3.32340187157677e+00 3.32340187157677e+00 -4.00000000000000e+01
489 3.32340187157677e+00 3.32340187157677e+00 -4.20000000000000e+01
490 3.32340187157678e+00 3.32340187157677e+00 -4.40000000000000e+01
491 3.32340187157677e+00 3.32340187157677e+00 -4.60000000000000e+01
492 3.32340187157677e+00 3.32340187157677e+00 -4.80000000000000e+01
493 3.32340187157678e+00 3.32340187157677e+00 -5.00000000000000e+01
494 3.32340187157678e+00 3.32340187157677e+00 -5.20000000000000e+01
495 3.32340187157678e+00 3.32340187157677e+00 -5.40000000000000e+01
496 3.32340187157678e+00 3.32340187157677e+00 -5.60000000000000e+01
497 3.32340187157678e+00 3.32340187157677e+00 -5.80000000000000e+01
498 3.32340187157677e+00 3.32340187157677e+00 -6.00000000000000e+01
499 3.32340187157678e+00 3.32340187157677e+00 -6.20000000000000e+01
500 3.32340187157678e+00 3.32340187157677e+00 -6.40000000000000e+01
501 3.32340187157678e+00 3.32340187157677e+00 -6.60000000000000e+01
502 3.32340187157678e+00 3.32340187157677e+00 -6.80000000000000e+01
503 3.32340187157678e+00 3.32340187157677e+00 -7.00000000000000e+01
504 3.32340187157678e+00 3.32340187157677e+00 -7.20000000000000e+01
505 3.32340187157678e+00 3.32340187157677e+00 -7.40000000000000e+01
506 3.32340187157678e+00 3.32340187157677e+00 -7.60000000000000e+01
507 3.32340187157678e+00 3.32340187157677e+00 -7.80000000000000e+01
508 3.32340187157678e+00 3.32340187157677e+00 -8.00000000000000e+01
509 3.32340187157678e+00 3.32340187157677e+00 -8.20000000000000e+01
510 3.32340187157678e+00 3.32340187157677e+00 -8.40000000000000e+01
511 3.32340187157678e+00 3.32340187157677e+00 -8.60000000000000e+01
512 3.32340187157678e+00 3.32340187157677e+00 -8.80000000000000e+01
513 3.32340187157678e+00 3.32340187157677e+00 -9.00000000000000e+01
514 3.32340187157678e+00 3.32340187157677e+00 -9.20000000000000e+01
515 3.32340187157678e+00 3.32340187157677e+00 -9.40000000000000e+01
516 3.32340187157678e+00 3.32340187157677e+00 -9.60000000000000e+01
517 3.32340187157678e+00 3.32340187157677e+00 -9.80000000000000e+01
518 3.32340187157678e+00 3.32340187157677e+00 -1.00000000000000e+02
519 3.32340187157678e+00 3.32340187157677e+00 -1.02000000000000e+02
520 3.32340187157678e+00 3.32340187157677e+00 -1.04000000000000e+02
521 3.32340187157678e+00 3.32340187157677e+00 -1.06000000000000e+02
522 3.32340187157678e+00 3.32340187157677e+00 -1.08000000000000e+02
523 3.32340187157678e+00 3.32340187157677e+00 -1.10000000000000e+02
524 3.32340187157678e+00 3.32340187157677e+00 -1.12000000000000e+02
525 3.32340187157678e+00 3.32340187157677e+00 -1.14000000000000e+02
526 3.32340187157678e+00 3.32340187157677e+00 -1.16000000000000e+02
527 3.32340187157678e+00 3.32340187157677e+00 -1.18000000000000e+02
528 2.35000000000000e+00 4.07031939778686e+00 -1.40000000000000e+01
529 2.35000000000000e+00 4.07031939778686e+00 -1.60000000000000e+01
530 2.35000000000000e+00 4.07031939778686e+00 -1.80000000000000e+01
531 2.35000000000000e+00 4.07031939778686e+00 -2.00000000000000e+01
532 2.35000000000000e+00 4.07031939778686e+00 -2.20000000000000e+01
533 2.35000000000000e+00 4.07031939778686e+00 -2.40000000000000e+01
534 2.35000000000000e+00 4.07031939778686e+00 -2.60000000000000e+01
535 2.35000000000000e+00 4.07031939778686e+00 -2.80000000000000e+01
536 2.35000000000000e+00 4.07031939778686e+00 -3.00000000000000e+01
537 2.35000000000000e+00 4.07031939778686e+00 -3.20000000000000e+01
538 2.35000000000000e+00 4.07031939778686e+00 -3.40000000000000e+01
539 2.35000000000000e+00 4.07031939778686e+00 -3.60000000000000e+01
540 2.35000000000000e+00 4.07031939778686e+00 -3.80000000000000e+01
541 2.35000000000000e+00 4.07031939778686e+00 -4.00000000000000e+01
542 2.35000000000000e+00 4.07031939778686e+00 -4.20000000000000e+01
543 2.35000000000000e+00 4.07031939778686e+00 -4.40000000000000e+01
544 2.35000000000000e+00 4.07031939778686e+00 -4.60000000000000e+01
545 2.35000000000000e+00 4.07031939778686e+00 -4.80000000000000e+01
546 2.35000000000000e+00 4.07031939778686e+00 -5.00000000000000e+01
547 2.35000000000000e+00 4.07031939778686e+00 -5.20000000000000e+01
548 2.35000000000000e+00 4.07031939778686e+00 -5.40000000000000e+01
549 2.35000000000000e+00 4.07031939778686e+00 -5.60000000000000e+01
550 2.35000000000000e+00 4.07031939778686e+00 -5.80000000000000e+01
551 2.35000000000000e+00 4.07031939778686e+00 -6.00000000000000e+01
552 2.35000000000000e+00 4.07031939778686e+00 -6.20000000000000e+01
553 2.35000000000000e+00 4.07031939778686e+00 -6.40000000000000e+01
554 2.35000000000000e+00 4.07031939778686e+00 -6.60000000000000e+01
555 2.35000000000000e+00 4.07031939778686e+00 -6.80000000000000e+01
556 2.35000000000000e+00 4.07031939778686e+00 -7.00000000000000e+01
557 2.35000000000000e+00 4.07031939778686e+00 -7.20000000000000e+01
558 2.35000000000000e+00 4.07031939778686e+00 -7.40000000000000e+01
559 2.35000000000000e+00 4.07031939778686e+00 -7.60000000000000e+01
560 2.35000000000000e+00 4.07031939778686e+00 -7.80000000000000e+01
561 2.35000000000000e+00 4.07031939778686e+00 -8.00000000000000e+01
562 2.35000000000000e+00 4.07031939778686e+00 -8.20000000000000e+01
563 2.35000000000000e+00 4.07031939778686e+00 -8.40000000000000e+01
564 2.35000000000000e+00 4.07031939778686e+00 -8.60000000000000e+01
565 2.35000000000000e+00 4.07031939778686e+00 -8.80000000000000e+01
566 2.35000000000000e+00 4.07031939778686e+00 -9.00000000000000e+01
567 2.35000000000000e+00 4.07031939778686e+00 -9.20000000000000e+01
568 2.35000000000000e+00 4.07031939778686e+00 -9.40000000000000e+01
569 2.35000000000001e+00 4.07031939778686e+00 -9.60000000000000e+01
570 2.35000000000000e+00 4.07031939778686e+00 -9.80000000000000e+01
571 2.35000000000000e+00 4.07031939778686e+00 -1.00000000000000e+02
572 2.35000000000000e+00 4.07031939778686e+00 -1.02000000000000e+02
573 2.35000000000000e+00 4.07031939778686e+00 -1.04000000000000e+02
574 2.35000000000000e+00 4.07031939778686e+00 -1.06000000000000e+02
575 2.35000000000001e+00 4.07031939778686e+00 -1.08000000000000e+02
576 2.35000000000000e+00 4.07031939778686e+00 -1.10000000000000e+02
577 2.35000000000001e+00 4.07031939778686e+00 -1.12000000000000e+02
578 2.35000000000000e+00 4.07031939778686e+00 -1.14000000000000e+02
579 2.35000000000000e+00 4.07031939778686e+00 -1.16000000000000e+02
580 2.35000000000000e+00 4.07031939778686e+00 -1.18000000000000e+02
581 1.21644951198185e+00 4.53985138355862e+00 -1.40000000000000e+01
582 1.21644951198185e+00 4.53985138355862e+00 -1.60000000000000e+01
583 1.21644951198185e+00 4.53985138355862e+00 -1.80000000000000e+01
584 1.21644951198185e+00 4.53985138355862e+00 -2.00000000000000e+01
585 1.21644951198185e+00 4.53985138355862e+00 -2.20000000000000e+01
586 1.21644951198185e+00 4.53985138355862e+00 -2.40000000000000e+01
587 1.21644951198185e+00 4.53985138355862e+00 -2.60000000000000e+01
588 1.21644951198185e+00 4.53985138355862e+00 -2.80000000000000e+01
589 1.21644951198185e+00 4.53985138355862e+00 -3.00000000000000e+01
590 1.21644951198185e+00 4.53985138355862e+00 -3.20000000000000e+01
591 1.21644951198185e+00 4.53985138355862e+00 -3.40000000000000e+01
592 1.21644951198185e+00 4.53985138355862e+00 -3.60000000000000e+01
593 1.21644951198185e+00 4.53985138355862e+00 -3.80000000000000e+01
594 1.21644951198185e+00 4.53985138355862e+00 -4.00000000000000e+01
595 1.21644951198185e+00 4.53985138355862e+00 -4.20000000000000e+01
596 1.21644951198185e+00 4.53985138355862e+00 -4.40000000000000e+01
597 1.21644951198185e+00 4.53985138355862e+00 -4.60000000000000e+01
598 1.21644951198185e+00 4.53985138355862e+00 -4.80000000000000e+01
599 1.21644951198185e+00 4.53985138355862e+00 -5.00000000000000e+01
600 1.21644951198185e+00 4.53985138355862e+00 -5.20000000000000e+01
601 1.21644951198185e+00 4.53985138355862e+00 -5.40000000000000e+01
602 1.21644951198185e+00 4.53985138355862e+00 -5.60000000000000e+01
603 1.21644951198185e+00 4.53985138355862e+00 -5.80000000000000e+01
604 1.21644951198185e+00 4.53985138355862e+00 -6.00000000000000e+01
605 1.21644951198185e+00 4.53985138355862e+00 -6.20000000000000e+01
606 1.21644951198185e+00 4.53985138355862e+00 -6.40000000000000e+01
607 1.21644951198185e+00 4.53985138355862e+00 -6.60000000000000e+01
608 1.21644951198185e+00 4.53985138355862e+00 -6.80000000000000e+01
609 1.21644951198185e+00 4.53985138355862e+00 -7.00000000000000e+01
610 1.21644951198185e+00 4.53985138355862e+00 -7.20000000000000e+01
611 1.21644951198185e+00 4.53985138355862e+00 -7.40000000000000e+01
612 1.21644951198185e+00 4.53985138355862e+00 -7.60000000000000e+01
613 1.21644951198185e+00 4.53985138355862e+00 -7.80000000000000e+01
614 1.21644951198185e+00 4.53985138355862e+00 -8.00000000000000e+01
615 1.21644951198185e+00 4.53985138355862e+00 -8.20000000000000e+01
616 1.21644951198185e+00 4.53985138355862e+00 -8.40000000000000e+01
617 1.21644951198185e+00 4.53985138355862e+00 -8.60000000000000e+01
618 1.21644951198185e+00 4.53985138355862e+00 -8.80000000000000e+01
619 1.21644951198185e+00 4.53985138355862e+00 -9.00000000000000e+01
620 1.21644951198185e+00 4.53985138355862e+00 -9.20000000000000e+01
621 1.21644951198185e+00 4.53985138355862e+00 -9.40000000000000e+01
622 1.21644951198185e+00 4.53985138355862e+00 -9.60000000000000e+01
623 1.21644951198185e+00 4.53985138355862e+00 -9.80000000000000e+01
624 1.21644951198185e+00 4.53985138355862e+00 -1.00000000000000e+02
625 1.21644951198185e+00 4.53985138355862e+00 -1.02000000000000e+02
626 1.21644951198185e+00 4.53985138355862e+00 -1.04000000000000e+02
627 1.21644951198185e+00 4.53985138355862e+00 -1.06000000000000e+02
628 1.21644951198185e+00 4.53985138355862e+00 -1.08000000000000e+02
629 1.21644951198185e+00 4.53985138355862e+00 -1.10000000000000e+02
630 1.21644951198185e+00 4.53985138355862e+00 -1.12000000000000e+02
631 1.21644951198185e+00 4.53985138355862e+00 -1.14000000000000e+02
632 1.21644951198185e+00 4.53985138355862e+00 -1.16000000000000e+02
633 1.21644951198186e+00 4.53985138355862e+00 -1.18000000000000e+02
634 2.87791997799628e-16 4.70000000000000e+00 -1.40000000000000e+01
635 1.33140164094728e-15 4.70000000000000e+00 -1.60000000000000e+01
636 2.37501128409492e-15 4.70000000000000e+00 -1.80000000000000e+01
637 1.33140164094728e-15 4.70000000000000e+00 -2.00000000000000e+01
638 1.33140164094728e-15 4.70000000000000e+00 -2.20000000000000e+01
639 2.37501128409492e-15 4.70000000000000e+00 -2.40000000000000e+01
640 1.33140164094728e-15 4.70000000000000e+00 -2.60000000000000e+01
641 1.33140164094728e-15 4.70000000000000e+00 -2.80000000000000e+01
642 4.46223057039022e-15 4.70000000000000e+00 -3.00000000000000e+01
643 4.46223057039022e-15 4.70000000000000e+00 -3.20000000000000e+01
644 4.46223057039022e-15 4.70000000000000e+00 -3.40000000000000e+01
645 4.46223057039022e-15 4.70000000000000e+00 -3.60000000000000e+01
646 4.46223057039022e-15 4.70000000000000e+00 -3.80000000000000e+01
647 4.46223057039022e-15 4.70000000000000e+00 -4.00000000000000e+01
648 4.46223057039022e-15 4.70000000000000e+00 -4.20000000000000e+01
649 5.50584021353786e-15 4.70000000000000e+00 -4.40000000000000e+01
650 4.46223057039022e-15 4.70000000000000e+00 -4.60000000000000e+01
651 4.46223057039022e-15 4.70000000000000e+00 -4.80000000000000e+01
652 6.54944985668551e-15 4.70000000000000e+00 -5.00000000000000e+01
653 3.41862092724257e-15 4.70000000000000e+00 -5.20000000000000e+01
654 4.46223057039022e-15 4.70000000000000e+00 -5.40000000000000e+01
655 5.50584021353786e-15 4.70000000000000e+00 -5.60000000000000e+01
656 6.54944985668551e-15 4.70000000000000e+00 -5.80000000000000e+01
657 3.41862092724257e-15 4.70000000000000e+00 -6.00000000000000e+01
658 5.50584021353786e-15 4.70000000000000e+00 -6.20000000000000e+01
659 4.46223057039022e-15 4.70000000000000e+00 -6.40000000000000e+01
660 4.46223057039022e-15 4.70000000000000e+00 -6.60000000000000e+01
661 7.59305949983316e-15 4.70000000000000e+00 -6.80000000000000e+01
662 7.59305949983316e-15 4.70000000000000e+00 -7.00000000000000e+01
663 6.54944985668551e-15 4.70000000000000e+00 -7.20000000000000e+01
664 8.63666914298080e-15 4.70000000000000e+00 -7.40000000000000e+01
665 6.54944985668551e-15 4.70000000000000e+00 -7.60000000000000e+01
666 6.54944985668551e-15 4.70000000000000e+00 -7.80000000000000e+01
667 8.63666914298080e-15 4.70000000000000e+00 -8.00000000000000e+01
668 6.54944985668551e-15 4.70000000000000e+00 -8.20000000000000e+01
669 8.63666914298080e-15 4.70000000000000e+00 -8.40000000000000e+01
670 8.63666914298080e-15 4.70000000000000e+00 -8.60000000000000e+01
671 7.59305949983316e-15 4.70000000000000e+00 -8.80000000000000e+01
672 9.68027878612845e-15 4.70000000000000e+00 -9.00000000000000e+01
673 9.68027878612845e-15 4.70000000000000e+00 -9.20000000000000e+01
674 8.63666914298080e-15 4.70000000000000e+00 -9.40000000000000e+01
675 9.68027878612845e-15 4.70000000000000e+00 -9.60000000000000e+01
676 8.63666914298080e-15 4.70000000000000e+00 -9.80000000000000e+01
677 7.59305949983316e-15 4.70000000000000e+00 -1.00000000000000e+02
678 9.68027878612845e-15 4.70000000000000e+00 -1.02000000000000e+02
679 1.07238884292761e-14 4.70000000000000e+00 -1.04000000000000e+02
680 9.68027878612845e-15 4.70000000000000e+00 -1.06000000000000e+02
681 9.68027878612845e-15 4.70000000000000e+00 -1.08000000000000e+02
682 9.68027878612845e-15 4.70000000000000e+00 -1.10000000000000e+02
683 1.07238884292761e-14 4.70000000000000e+00 -1.12000000000000e+02
684 1.07238884292761e-14 4.70000000000000e+00 -1.14000000000000e+02
685 1.07238884292761e-14 4.70000000000000e+00 -1.16000000000000e+02
686 1.07238884292761e-14 4.70000000000000e+00 -1.18000000000000e+02
687 -1.21644951198185e+00 4.53985138355862e+00 -1.40000000000000e+01
688 -1.21644951198185e+00 4.53985138355862e+00 -1.60000000000000e+01
689 -1.21644951198185e+00 4.53985138355862e+00 -1.80000000000000e+01
690 -1.21644951198184e+00 4.53985138355862e+00 -2.00000000000000e+01
691 -1.21644951198185e+00 4.53985138355862e+00 -2.20000000000000e+01
692 -1.21644951198184e+00 4.53985138355862e+00 -2.40000000000000e+01
693 -1.21644951198184e+00 4.53985138355862e+00 -2.60000000000000e+01
694 -1.21644951198184e+00 4.53985138355862e+00 -2.80000000000000e+01
695 -1.21644951198184e+00 4.53985138355862e+00 -3.00000000000000e+01
696 -1.21644951198184e+00 4.53985138355862e+00 -3.20000000000000e+01
697 -1.21644951198184e+00 4.53985138355862e+00 -3.40000000000000e+01
698 -1.21644951198184e+00 4.53985138355862e+00 -3.60000000000000e+01
699 -1.21644951198184e+00 4.53985138355862e+00 -3.80000000000000e+01
700 -1.21644951198184e+00 4.53985138355862e+00 -4.00000000000000e+01
701 -1.21644951198184e+00 4.53985138355862e+00 -4.20000000000000e+01
702 -1.21644951198184e+00 4.53985138355862e+00 -4.40000000000000e+01
703 -1.21644951198184e+00 4.53985138355862e+00 -4.60000000000000e+01
704 -1.21644951198184e+00 4.53985138355862e+00 -4.80000000000000e+01
705 -1.21644951198184e+00 4.53985138355862e+00 -5.00000000000000e+01
706 -1.21644951198184e+00 4.53985138355862e+00 -5.20000000000000e+01
707 -1.21644951198184e+00 4.53985138355862e+00 -5.40000000000000e+01
708 -1.21644951198184e+00 4.53985138355862e+00 -5.60000000000000e+01
709 -1.21644951198184e+00 4.53985138355862e+00 -5.80000000000000e+01
710 -1.21644951198184e+00 4.53985138355862e+00 -6.00000000000000e+01
711 -1.21644951198184e+00 4.53985138355862e+00 -6.20000000000000e+01
712 -1.21644951198184e+00 4.53985138355862e+00 -6.40000000000000e+01
713 -1.21644951198184e+00 4.53985138355862e+00 -6.60000000000000e+01
714 -1.21644951198184e+00 4.53985138355862e+00 -6.80000000000000e+01
715 -1.21644951198184e+00 4.53985138355862e+00 -7.00000000000000e+01
716 -1.21644951198184e+00 4.53985138355862e+00 -7.20000000000000e+01
717 -1.21644951198184e+00 4.53985138355862e+00 -7.40000000000000e+01
718 -1.21644951198184e+00 4.53985138355862e+00 -7.60000000000000e+01
719 -1.21644951198184e+00 4.53985138355862e+00 -7.80000000000000e+01
720 -1.21644951198184e+00 4.53985138355862e+00 -8.00000000000000e+01
721 -1.21644951198184e+00 4.53985138355862e+00 -8.20000000000000e+01
722 -1.21644951198184e+00 4.53985138355862e+00 -8.40000000000000e+01
723 -1.21644951198184e+00 4.53985138355862e+00 -8.60000000000000e+01
724 -1.21644951198184e+00 4.53985138355862e+00 -8.80000000000000e+01
725 -1.21644951198184e+00 4.53985138355862e+00 -9.00000000000000e+01
726 -1.21644951198184e+00 4.53985138355862e+00 -9.20000000000000e+01
727 -1.21644951198184e+00 4.53985138355862e+00 -9.40000000000000e+01
728 -1.21644951198184e+00 4.53985138355862e+00 -9.60000000000000e+01
729 -1.21644951198184e+00 4.53985138355862e+00 -9.80000000000000e+01
730 -1.21644951198184e+00 4.53985138355862e+00 -1.00000000000000e+02
731 -1.21644951198184e+00 4.53985138355862e+00 -1.02000000000000e+02
732 -1.21644951198184e+00 4.53985138355862e+00 -1.04000000000000e+02
733 -1.21644951198184e+00 4.53985138355862e+00 -1.06000000000000e+02
734 -1.21644951198184e+00 4.53985138355862e+00 -1.08000000000000e+02
735 -1.21644951198184e+00 4.53985138355862e+00 -1.10000000000000e+02
736 -1.21644951198184e+00 4.53985138355862e+00 -1.12000000000000e+02
737 -1.21644951198184e+00 4.53985138355862e+00 -1.14000000000000e+02
738 -1.21644951198184e+00 4.53985138355862e+00 -1.16000000000000e+02
739 -1.21644951198184e+00 4.53985138355862e+00 -1.18000000000000e+02
740 -2.34999999999999e+00 4.07031939778687e+00 -1.40000000000000e+01
741 -2.35000000000000e+00 4.07031939778686e+00 -1.60000000000000e+01
742 -2.34999999999999e+00 4.07031939778686e+00 -1.80000000000000e+01
743 -2.35000000000000e+00 4.07031939778686e+00 -2.00000000000000e+01
744 -2.34999999999999e+00 4.07031939778686e+00 -2.20000000000000e+01
745 -2.35000000000000e+00 4.07031939778686e+00 -2.40000000000000e+01
746 -2.34999999999999e+00 4.07031939778686e+00 -2.60000000000000e+01
747 -2.35000000000000e+00 4.07031939778686e+00 -2.80000000000000e+01
748 -2.34999999999999e+00 4.07031939778686e+00 -3.00000000000000e+01
749 -2.34999999999999e+00 4.07031939778686e+00 -3.20000000000000e+01
750 -2.34999999999999e+00 4.07031939778686e+00 -3.40000000000000e+01
751 -2.34999999999999e+00 4.07031939778686e+00 -3.60000000000000e+01
752 -2.34999999999999e+00 4.07031939778686e+00 -3.80000000000000e+01
753 -2.34999999999999e+00 4.07031939778686e+00 -4.00000000000000e+01
754 -2.34999999999999e+00 4.07031939778686e+00 -4.20000000000000e+01
755 -2.34999999999999e+00 4.07031939778686e+00 -4.40000000000000e+01
756 -2.34999999999999e+00 4.07031939778686e+00 -4.60000000000000e+01
757 -2.34999999999999e+00 4.07031939778686e+00 -4.80000000000000e+01
758 -2.34999999999999e+00 4.07031939778686e+00 -5.00000000000000e+01
759 -2.34999999999999e+00 4.07031939778686e+00 -5.20000000000000e+01
760 -2.34999999999999e+00 4.07031939778686e+00 -5.40000000000000e+01
761 -2.34999999999999e+00 4.07031939778687e+00 -5.60000000000000e+01
762 -2.34999999999999e+00 4.07031939778686e+00 -5.80000000000000e+01
763 -2.34999999999999e+00 4.07031939778686e+00 -6.00000000000000e+01
764 -2.34999999999999e+00 4.07031939778686e+00 -6.20000000000000e+01
765 -2.34999999999999e+00 4.07031939778687e+00 -6.40000000000000e+01
766 -2.34999999999999e+00 4.07031939778686e+00 -6.60000000000000e+01
767 -2.34999999999999e+00 4.07031939778686e+00 -6.80000000000000e+01
768 -2.34999999999999e+00 4.07031939778686e+00 -7.00000000000000e+01
769 -2.34999999999999e+00 4.07031939778686e+00 -7.20000000000000e+01
770 -2.34999999999999e+00 4.07031939778686e+00 -7.40000000000000e+01
771 -2.34999999999999e+00 4.07031939778687e+00 -7.60000000000000e+01
772 -2.34999999999999e+00 4.07031939778686e+00 -7.80000000000000e+01
773 -2.34999999999999e+00 4.07031939778687e+00 -8.00000000000000e+01
774 -2.34999999999999e+00 4.07031939778687e+00 -8.20000000000000e+01
775 -2.34999999999999e+00 4.07031939778686e+00 -8.40000000000000e+01
776 -2.34999999999999e+00 4.07031939778687e+00 -8.60000000000000e+01
777 -2.34999999999999e+00 4.07031939778686e+00 -8.80000000000000e+01
778 -2.34999999999999e+00 4.07031939778686e+00 -9.00000000000000e+01
779 -2.34999999999999e+00 4.07031939778687e+00 -9.20000000000000e+01
780 -2.34999999999999e+00 4.07031939778686e+00 -9.40000000000000e+01
781 -2.34999999999999e+00 4.07031939778687e+00 -9.60000000000000e+01
782 -2.34999999999999e+00 4.07031939778687e+00 -9.80000000000000e+01
783 -2.34999999999999e+00 4.07031939778686e+00 -1.00000000000000e+02
784 -2.34999999999999e+00 4.07031939778687e+00 -1.02000000000000e+02
785 -2.34999999999999e+00 4.07031939778686e+00 -1.04000000000000e+02
786 -2.34999999999999e+00 4.07031939778687e+00 -1.06000000000000e+02
787 -2.34999999999999e+00 4.07031939778687e+00 -1.08000000000000e+02
788 -2.34999999999999e+00 4.07031939778687e+00 -1.10000000000000e+02
789 -2.34999999999999e+00 4.07031939778687e+00 -1.12000000000000e+02
790 -2.34999999999999e+00 4.07031939778687e+00 -1.14000000000000e+02
791 -2.34999999999999e+00 4.07031939778687e+00 -1.16000000000000e+02
792 -2.34999999999999e+00 4.07031939778687e+00 -1.18000000000000e+02
793 -3.32340187157677e+00 3.32340187157678e+00 -1.40000000000000e+01
794 -3.32340187157677e+00 3.32340187157678e+00 -1.60000000000000e+01
795 -3.32340187157677e+00 3.32340187157678e+00 -1.80000000000000e+01
796 -3.32340187157677e+00 3.32340187157677e+00 -2.00000000000000e+01
797 -3.32340187157677e+00 3.32340187157678e+00 -2.20000000000000e+01
798 -3.32340187157677e+00 3.32340187157678e+00 -2.40000000000000e+01
799 -3.32340187157677e+00 3.32340187157678e+00 -2.60000000000000e+01
800 -3.32340187157677e+00 3.32340187157678e+00 -2.80000000000000e+01
801 -3.32340187157677e+00 3.32340187157678e+00 -3.00000000000000e+01
802 -3.32340187157677e+00 3.32340187157678e+00 -3.20000000000000e+01
803 -3.32340187157677e+00 3.32340187157678e+00 -3.40000000000000e+01
804 -3.32340187157677e+00 3.32340187157678e+00 -3.60000000000000e+01
805 -3.32340187157677e+00 3.32340187157678e+00 -3.80000000000000e+01
806 -3.32340187157677e+00 3.32340187157678e+00 -4.00000000000000e+01
807 -3.32340187157677e+00 3.32340187157678e+00 -4.20000000000000e+01
808 -3.32340187157677e+00 3.32340187157678e+00 -4.40000000000000e+01
809 -3.32340187157677e+00 3.32340187157678e+00 -4.60000000000000e+01
810 -3.32340187157677e+00 3.32340187157678e+00 -4.80000000000000e+01
811 -3.32340187157677e+00 3.32340187157678e+00 -5.00000000000000e+01
812 -3.32340187157677e+00 3.32340187157678e+00 -5.20000000000000e+01
813 -3.32340187157677e+00 3.32340187157678e+00 -5.40000000000000e+01
814 -3.32340187157677e+00 3.32340187157678e+00 -5.60000000000000e+01
815 -3.32340187157677e+00 3.32340187157678e+00 -5.80000000000000e+01
816 -3.32340187157677e+00 3.32340187157678e+00 -6.00000000000000e+01
817 -3.32340187157676e+00 3.32340187157678e+00 -6.20000000000000e+01
818 -3.32340187157677e+00 3.32340187157678e+00 -6.40000000000000e+01
819 -3.32340187157677e+00 3.32340187157678e+00 -6.60000000000000e+01
820 -3.32340187157677e+00 3.32340187157678e+00 -6.80000000000000e+01
821 -3.32340187157677e+00 3.32340187157678e+00 -7.00000000000000e+01
822 -3.32340187157677e+00 3.32340187157678e+00 -7.20000000000000e+01
823 -3.32340187157677e+00 3.32340187157678e+00 -7.40000000000000e+01
824 -3.32340187157677e+00 3.32340187157678e+00 -7.60000000000000e+01
825 -3.32340187157676e+00 3.32340187157678e+00 -7.80000000000000e+01
826 -3.32340187157677e+00 3.32340187157678e+00 -8.00000000000000e+01
827 -3.32340187157677e+00 3.32340187157678e+00 -8.20000000000000e+01
828 -3.32340187157677e+00 3.32340187157678e+00 -8.40000000000000e+01
829 -3.32340187157677e+00 3.32340187157678e+00 -8.60000000000000e+01
830 -3.32340187157677e+00 3.32340187157678e+00 -8.80000000000000e+01
831 -3.32340187157676e+00 3.32340187157678e+00 -9.00000000000000e+01
832 -3.32340187157677e+00 3.32340187157678e+00 -9.20000000000000e+01
833 -3.32340187157677e+00 3.32340187157678e+00 -9.40000000000000e+01
834 -3.32340187157677e+00 3.32340187157678e+00 -9.60000000000000e+01
835 -3.32340187157677e+00 3.32340187157678e+00 -9.80000000000000e+01
836 -3.32340187157676e+00 3.32340187157678e+00 -1.00000000000000e+02
837 -3.32340187157676e+00 3.32340187157678e+00 -1.02000000000000e+02
838 -3.32340187157676e+00 3.32340187157678e+00 -1.04000000000000e+02
839 -3.32340187157676e+00 3.32340187157678e+00 -1.06000000000000e+02
840 -3.32340187157676e+00 3.32340187157678e+00 -1.08000000000000e+02
841 -3.32340187157676e+00 3.32340187157678e+00 -1.10000000000000e+02
842 -3.32340187157676e+00 3.32340187157678e+00 -1.12000000000000e+02
843 -3.32340187157676e+00 3.32340187157678e+00 -1.14000000000000e+02
844 -3.32340187157676e+00 3.32340187157678e+00 -1.16000000000000e+02
845 -3.32340187157676e+00 3.32340187157678e+00 -1.18000000000000e+02
846 -4.07031939778686e+00 2.35000000000000e+00 -1.40000000000000e+01
847 -4.07031939778686e+00 2.35000000000000e+00 -1.60000000000000e+01
848 -4.07031939778686e+00 2.35000000000000e+00 -1.80000000000000e+01
849 -4.07031939778686e+00 2.35000000000000e+00 -2.00000000000000e+01
850 -4.07031939778686e+00 2.35000000000000e+00 -2.20000000000000e+01
851 -4.07031939778686e+00 2.35000000000001e+00 -2.40000000000000e+01
852 -4.07031939778686e+00 2.35000000000000e+00 -2.60000000000000e+01
853 -4.07031939778686e+00 2.35000000000000e+00 -2.80000000000000e+01
854 -4.07031939778686e+00 2.35000000000000e+00 -3.00000000000000e+01
855 -4.07031939778686e+00 2.35000000000001e+00 -3.20000000000000e+01
856 -4.07031939778686e+00 2.35000000000000e+00 -3.40000000000000e+01
857 -4.07031939778686e+00 2.35000000000000e+00 -3.60000000000000e+01
858 -4.07031939778686e+00 2.35000000000000e+00 -3.80000000000000e+01
859 -4.07031939778686e+00 2.35000000000000e+00 -4.00000000000000e+01
860 -4.07031939778686e+00 2.35000000000000e+00 -4.20000000000000e+01
861 -4.07031939778686e+00 2.35000000000000e+00 -4.40000000000000e+01
862 -4.07031939778686e+00 2.35000000000000e+00 -4.60000000000000e+01
863 -4.07031939778686e+00 2.35000000000001e+00 -4.80000000000000e+01
864 -4.07031939778686e+00 2.35000000000001e+00 -5.00000000000000e+01
865 -4.07031939778686e+00 2.35000000000000e+00 -5.20000000000000e+01
866 -4.07031939778686e+00 2.35000000000001e+00 -5.40000000000000e+01
867 -4.07031939778686e+00 2.35000000000000e+00 -5.60000000000000e+01
868 -4.07031939778686e+00 2.35000000000001e+00 -5.80000000000000e+01
869 -4.07031939778686e+00 2.35000000000001e+00 -6.00000000000000e+01
870 -4.07031939778686e+00 2.35000000000001e+00 -6.20000000000000e+01
871 -4.07031939778686e+00 2.35000000000001e+00 -6.40000000000000e+01
872 -4.07031939778686e+00 2.35000000000001e+00 -6.60000000000000e+01
873 -4.07031939778686e+00 2.35000000000001e+00 -6.80000000000000e+01
874 -4.07031939778686e+00 2.35000000000001e+00 -7.00000000000000e+01
875 -4.07031939778686e+00 2.35000000000001e+00 -7.20000000000000e+01
876 -4.07031939778686e+00 2.35000000000001e+00 -7.40000000000000e+01
877 -4.07031939778686e+00 2.35000000000001e+00 -7.60000000000000e+01
878 -4.07031939778686e+00 2.35000000000001e+00 -7.80000000000000e+01
879 -4.07031939778686e+00 2.35000000000001e+00 -8.00000000000000e+01
880 -4.07031939778686e+00 2.35000000000001e+00 -8.20000000000000e+01
881 -4.07031939778686e+00 2.35000000000001e+00 -8.40000000000000e+01
882 -4.07031939778686e+00 2.35000000000001e+00 -8.60000000000000e+01
883 -4.07031939778686e+00 2.35000000000001e+00 -8.80000000000000e+01
884 -4.07031939778686e+00 2.35000000000001e+00 -9.00000000000000e+01
885 -4.07031939778686e+00 2.35000000000001e+00 -9.20000000000000e+01
886 -4.07031939778685e+00 2.35000000000001e+00 -9.40000000000000e+01
887 -4.07031939778686e+00 2.35000000000001e+00 -9.60000000000000e+01
888 -4.07031939778686e+00 2.35000000000001e+00 -9.80000000000000e+01
889 -4.07031939778686e+00 2.35000000000001e+00 -1.00000000000000e+02
890 -4.07031939778685e+00 2.35000000000001e+00 -1.02000000000000e+02
891 -4.07031939778685e+00 2.35000000000001e+00 -1.04000000000000e+02
892 -4.07031939778685e+00 2.35000000000001e+00 -1.06000000000000e+02
893 -4.07031939778685e+00 2.35000000000001e+00 -1.08000000000000e+02
894 -4.07031939778685e+00 2.35000000000001e+00 -1.10000000000000e+02
895 -4.07031939778685e+00 2.35000000000001e+00 -1.12000000000000e+02
896 -4.07031939778685e+00 2.35000000000001e+00 -1.14000000000000e+02
897 -4.07031939778685e+00 2.35000000000001e+00 -1.16000000000000e+02
898 -4.07031939778685e+00 2.35000000000001e+00 -1.18000000000000e+02
899 -4.53985138355862e+00 1.21644951198185e+00 -1.40000000000000e+01
900 -4.53985138355862e+00 1.21644951198185e+00 -1.60000000000000e+01
901 -4.53985138355862e+00 1.21644951198185e+00 -1.80000000000000e+01
902 -4.53985138355862e+00 1.21644951198185e+00 -2.00000000000000e+01
903 -4.53985138355862e+00 1.21644951198185e+00 -2.20000000000000e+01
904 -4.53985138355862e+00 1.21644951198185e+00 -2.40000000000000e+01
905 -4.53985138355862e+00 1.21644951198185e+00 -2.60000000000000e+01
906 -4.53985138355862e+00 1.21644951198185e+00 -2.80000000000000e+01
907 -4.53985138355862e+00 1.21644951198185e+00 -3.00000000000000e+01
908 -4.53985138355862e+00 1.21644951198185e+00 -3.20000000000000e+01
909 -4.53985138355862e+00 1.21644951198185e+00 -3.40000000000000e+01
910 -4.53985138355862e+00 1.21644951198185e+00 -3.60000000000000e+01
911 -4.53985138355862e+00 1.21644951198185e+00 -3.80000000000000e+01
912 -4.53985138355862e+00 1.21644951198186e+00 -4.00000000000000e+01
913 -4.53985138355862e+00 1.21644951198185e+00 -4.20000000000000e+01
914 -4.53985138355862e+00 1.21644951198185e+00 -4.40000000000000e+01
915 -4.53985138355862e+00 1.21644951198185e+00 -4.60000000000000e+01
916 -4.53985138355862e+00 1.21644951198186e+00 -4.80000000000000e+01
917 -4.53985138355862e+00 1.21644951198185e+00 -5.00000000000000e+01
918 -4.53985138355862e+00 1.21644951198185e+00 -5.20000000000000e+01
919 -4.53985138355862e+00 1.21644951198186e+00 -5.40000000000000e+01
920 -4.53985138355862e+00 1.21644951198185e+00 -5.60000000000000e+01
921 -4.53985138355862e+00 1.21644951198186e+00 -5.80000000000000e+01
922 -4.53985138355862e+00 1.21644951198186e+00 -6.00000000000000e+01
923 -4.53985138355862e+00 1.21644951198186e+00 -6.20000000000000e+01
924 -4.53985138355862e+00 1.21644951198186e+00 -6.40000000000000e+01
925 -4.53985138355862e+00 1.21644951198186e+00 -6.60000000000000e+01
926 -4.53985138355862e+00 1.21644951198185e+00 -6.80000000000000e+01
927 -4.53985138355862e+00 1.21644951198186e+00 -7.00000000000000e+01
928 -4.53985138355862e+00 1.21644951198186e+00 -7.20000000000000e+01
929 -4.53985138355862e+00 1.21644951198186e+00 -7.40000000000000e+01
930 -4.53985138355862e+00 1.21644951198186e+00 -7.60000000000000e+01
931 -4.53985138355862e+00 1.21644951198186e+00 -7.80000000000000e+01
932 -4.53985138355862e+00 1.21644951198186e+00 -8.00000000000000e+01
933 -4.53985138355862e+00 1.21644951198186e+00 -8.20000000000000e+01
934 -4.53985138355862e+00 1.21644951198186e+00 -8.40000000000000e+01
935 -4.53985138355862e+00 1.21644951198186e+00 -8.60000000000000e+01
936 -4.53985138355862e+00 1.21644951198186e+00 -8.80000000000000e+01
937 -4.53985138355862e+00 1.21644951198186e+00 -9.00000000000000e+01
938 -4.53985138355862e+00 1.21644951198186e+00 -9.20000000000000e+01
939 -4.53985138355862e+00 1.21644951198186e+00 -9.40000000000000e+01
940 -4.53985138355862e+00 1.21644951198186e+00 -9.60000000000000e+01
941 -4.53985138355862e+00 1.21644951198186e+00 -9.80000000000000e+01
942 -4.53985138355862e+00 1.21644951198186e+00 -1.00000000000000e+02
943 -4.53985138355862e+00 1.21644951198186e+00 -1.02000000000000e+02
944 -4.53985138355862e+00 1.21644951198186e+00 -1.04000000000000e+02
945 -4.53985138355862e+00 1.21644951198186e+00 -1.06000000000000e+02
946 -4.53985138355862e+00 1.21644951198186e+00 -1.08000000000000e+02
947 -4.53985138355862e+00 1.21644951198186e+00 -1.10000000000000e+02
948 -4.53985138355862e+00 1.21644951198186e+00 -1.12000000000000e+02
949 -4.53985138355862e+00 1.21644951198186e+00 -1.14000000000000e+02
950 -4.53985138355861e+00 1.21644951198187e+00 -1.16000000000000e+02
951 -4.53985138355862e+00 1.21644951198186e+00 -1.18000000000000e+02
1 102 5 3 
2 102 6 5 
3 102 7 6 
4 102 8 7 
5 102 9 8 
6 102 10 9 
7 102 11 10 
8 102 12 11 
9 102 13 12 
10 102 14 13 
11 102 15 14 
12 102 4 15 
13 102 16 1 
14 102 17 16 
15 102 18 17 
16 102 19 18 
17 102 20 19 
18 102 21 20 
19 102 22 21 
20 102 23 22 
21 102 24 23 
22 102 25 24 
23 102 26 25 
24 102 2 26 
25 102 2 27 
26 102 27 28 
27 102 28 29 
28 102 29 30 
29 102 30 31 
30 102 31 32 
31 102 32 33 
32 102 33 34 
33 102 34 35 
34 102 35 36 
35 102 36 37 
36 102 37 38 
37 102 38 39 
38 102 39 40 
39 102 40 41 
40 102 41 1 
41 102 3 119 
42 102 119 120 
43 102 120 121 
44 102 121 122 
45 102 122 123 
46 102 123 124 
47 102 124 125 
48 102 125 126 
49 102 126 127 
50 102 127 4 
51 102 176 172 
52 102 177 176 
53 102 178 177 
54 102 179 178 
55 102 180 179 
56 102 181 180 
57 102 182 181 
58 102 183 182 
59 102 184 183 
60 102 185 184 
61 102 186 185 
62 102 173 186 
63 102 187 4 
64 102 173 187 
65 102 188 3 
66 102 172 188 
67 102 189 174 
68 102 190 189 
69 102 191 190 
70 102 192 191 
71 102 193 192 
72 102 194 193 
73 102 195 194 
74 102 196 195 
75 102 197 196 
76 102 198 197 
77 102 199 198 
78 102 175 199 
79 102 200 173 
80 102 201 200 
81 102 202 201 
82 102 203 202 
83 102 175 203 
84 102 204 172 
85 102 205 204 
86 102 206 205 
87 102 207 206 
88 102 174 207 
89 102 208 175 
90 102 209 208 
91 102 210 209 
92 102 211 210 
93 102 212 211 
94 102 213 212 
95 102 214 213 
96 102 215 214 
97 102 216 215 
98 102 217 216 
99 102 218 217 
100 102 219 218 
101 102 220 219 
102 102 221 220 
103 102 222 221 
104 102 223 222 
105 102 224 223 
106 102 225 224 
107 102 226 225 
108 102 227 226 
109 102 228 227 
110 102 229 228 
111 102 230 229 
112 102 231 230 
113 102 232 231 
114 102 233 232 
115 102 234 233 
116 102 235 234 
117 102 236 235 
118 102 237 236 
119 102 238 237 
120 102 239 238 
121 102 240 239 
122 102 241 240 
123 102 242 241 
124 102 243 242 
125 102 244 243 
126 102 245 244 
127 102 246 245 
128 102 247 246 
129 102 248 247 
130 102 249 248 
131 102 250 249 
132 102 251 250 
133 102 252 251 
134 102 253 252 
135 102 254 253 
136 102 255 254 
137 102 256 255 
138 102 257 256 
139 102 258 257 
140 102 259 258 
141 102 260 259 
142 102 2 260 
143 102 261 174 
144 102 262 261 
145 102 263 262 
146 102 264 263 
147 102 265 264 
148 102 266 265 
149 102 267 266 
150 102 268 267 
151 102 269 268 
152 102 270 269 
153 102 271 270 
154 102 272 271 
155 102 273 272 
156 102 274 273 
157 102 275 274 
158 102 276 275 
159 102 277 276 
160 102 278 277 
161 102 279 278 
162 102 280 279 
163 102 281 280 
164 102 282 281 
165 102 283 282 
166 102 284 283 
167 102 285 284 
168 102 286 285 
169 102 287 286 
170 102 288 287 
171 102 289 288 
172 102 290 289 
173 102 291 290 
174 102 292 291 
175 102 293 292 
176 102 294 293 
177 102 295 294 
178 102 296 295 
179 102 297 296 
180 102 298 297 
181 102 299 298 
182 102 300 299 
183 102 301 300 
184 102 302 301 
185 102 303 302 
186 102 304 303 
187 102 305 304 
188 102 306 305 
189 102 307 306 
190 102 308 307 
191 102 309 308 
192 102 310 309 
193 102 311 310 
194 102 312 311 
195 102 313 312 
196 102 1 313 
197 204 1 41 42 16 
198 204 41 40 43 42 
199 204 40 39 44 43 
200 204 39 38 45 44 
201 204 38 37 46 45 
202 204 37 36 47 46 
203 204 36 35 48 47 
204 203 35 34 48 
205 204 16 42 49 17 
206 204 42 43 50 49 
207 204 43 44 51 50 
208 204 44 45 52 51 
209 204 45 46 53 52 
210 204 46 47 54 53 
211 204 47 48 55 54 
212 203 48 34 55 
213 204 17 49 56 18 
214 204 49 50 57 56 
215 204 50 51 58 57 
216 204 51 52 59 58 
217 204 52 53 60 59 
218 204 53 54 61 60 
219 204 54 55 62 61 
220 203 55 34 62 
221 204 18 56 63 19 
222 204 56 57 64 63 
223 204 57 58 65 64 
224 204 58 59 66 65 
225 204 59 60 67 66 
226 204 60 61 68 67 
227 204 61 62 69 68 
228 203 62 34 69 
229 204 19 63 70 20 
230 204 63 64 71 70 
231 204 64 65 72 71 
232 204 65 66 73 72 
233 204 66 67 74 73 
234 204 67 68 75 74 
235 204 68 69 76 75 
236 203 69 34 76 
237 204 20 70 77 21 
238 204 70 71 78 77 
239 204 71 72 79 78 
240 204 72 73 80 79 
241 204 73 74 81 80 
242 204 74 75 82 81 
243 204 75 76 83 82 
244 203 76 34 83 
245 204 21 77 84 22 
246 204 77 78 85 84 
247 204 78 79 86 85 
248 204 79 80 87 86 
249 204 80 81 88 87 
250 204 81 82 89 88 
251 204 82 83 90 89 
252 203 83 34 90 
253 204 22 84 91 23 
254 204 84 85 92 91 
255 204 85 86 93 92 
256 204 86 87 94 93 
257 204 87 88 95 94 
258 204 88 89 96 95 
259 204 89 90 97 96 
260 203 90 34 97 
261 204 23 91 98 24 
262 204 91 92 99 98 
263 204 92 93 100 99 
264 204 93 94 101 100 
265 204 94 95 102 101 
266 204 95 96 103 102 
267 204 96 97 104 103 
268 203 97 34 104 
269 204 24 98 105 25 
270 204 98 99 106 105 
271 204 99 100 107 106 
272 204 100 101 108 107 
273 204 101 102 109 108 
274 204 102 103 110 109 
275 204 103 104 111 110 
276 203 104 34 111 
277 204 25 105 112 26 
278 204 105 106 113 112 
279 204 106 107 114 113 
280 204 107 108 115 114 
281 204 108 109 116 115 
282 204 109 110 117 116 
283 204 110 111 118 117 
284 203 111 34 118 
285 204 26 112 27 2 
286 204 112 113 28 27 
287 204 113 114 29 28 
288 204 114 115 30 29 
289 204 115 116 31 30 
290 204 116 117 32 31 
291 204 117 118 33 32 
292 203 118 34 33 
293 204 4 127 128 15 
294 204 127 126 129 128 
295 204 126 125 130 129 
296 204 125 124 131 130 
297 203 124 123 131 
298 204 15 128 132 14 
299 204 128 129 133 132 
300 204 129 130 134 133 
301 204 130 131 135 134 
302 203 131 123 135 
303 204 14 132 136 13 
304 204 132 133 137 136 
305 204 133 134 138 137 
306 204 134 135 139 138 
307 203 135 123 139 
308 204 13 136 140 12 
309 204 136 137 141 140 
310 204 137 138 142 141 
311 204 138 139 143 142 
312 203 139 123 143 
313 204 12 140 144 11 
314 204 140 141 145 144 
315 204 141 142 146 145 
316 204 142 143 147 146 
317 203 143 123 147 
318 204 11 144 148 10 
319 204 144 145 149 148 
320 204 145 146 150 149 
321 204 146 147 151 150 
322 203 147 123 151 
323 204 10 148 152 9 
324 204 148 149 153 152 
325 204 149 150 154 153 
326 204 150 151 155 154 
327 203 151 123 155 
328 204 9 152 156 8 
329 204 152 153 157 156 
330 204 153 154 158 157 
331 204 154 155 159 158 
332 203 155 123 159 
333 204 8 156 160 7 
334 204 156 157 161 160 
335 204 157 158 162 161 
336 204 158 159 163 162 
337 203 159 123 163 
338 204 7 160 164 6 
339 204 160 161 165 164 
340 204 161 162 166 165 
341 204 162 163 167 166 
342 203 163 123 167 
343 204 6 164 168 5 
344 204 164 165 169 168 
345 204 165 166 170 169 
346 204 166 167 171 170 
347 203 167 123 171 
348 204 5 168 119 3 
349 204 168 169 120 119 
350 204 169 170 121 120 
351 204 170 171 122 121 
352 203 171 123 122 
353 204 3 188 314 5 
354 204 188 172 176 314 
355 204 5 314 315 6 
356 204 314 176 177 315 
357 204 6 315 316 7 
358 204 315 177 178 316 
359 204 7 316 317 8 
360 204 316 178 179 317 
361 204 8 317 318 9 
362 204 317 179 180 318 
363 204 9 318 319 10 
364 204 318 180 181 319 
365 204 10 319 320 11 
366 204 319 181 182 320 
367 204 11 320 321 12 
368 204 320 182 183 321 
369 204 12 321 322 13 
370 204 321 183 184 322 
371 204 13 322 323 14 
372 204 322 184 185 323 
373 204 14 323 324 15 
374 204 323 185 186 324 
375 204 15 324 187 4 
376 204 324 186 173 187 
377 204 172 204 325 176 
378 204 204 205 326 325 
379 204 205 206 327 326 
380 204 206 207 328 327 
381 204 207 174 189 328 
382 204 176 325 329 177 
383 204 325 326 330 329 
384 204 326 327 331 330 
385 204 327 328 332 331 
386 204 328 189 190 332 
387 204 177 329 333 178 
388 204 329 330 334 333 
389 204 330 331 335 334 
390 204 331 332 336 335 
391 204 332 190 191 336 
392 204 178 333 337 179 
393 204 333 334 338 337 
394 204 334 335 339 338 
395 204 335 336 340 339 
396 204 336 191 192 340 
397 204 179 337 341 180 
398 204 337 338 342 341 
399 204 338 339 343 342 
400 204 339 340 344 343 
401 204 340 192 193 344 
402 204 180 341 345 181 
403 204 341 342 346 345 
404 204 342 343 347 346 
405 204 343 344 348 347 
406 204 344 193 194 348 
407 204 181 345 349 182 
408 204 345 346 350 349 
409 204 346 347 351 350 
410 204 347 348 352 351 
411 204 348 194 195 352 
412 204 182 349 353 183 
413 204 349 350 354 353 
414 204 350 351 355 354 
415 204 351 352 356 355 
416 204 352 195 196 356 
417 204 183 353 357 184 
418 204 353 354 358 357 
419 204 354 355 359 358 
420 204 355 356 360 359 
421 204 356 196 197 360 
422 204 184 357 361 185 
423 204 357 358 362 361 
424 204 358 359 363 362 
425 204 359 360 364 363 
426 204 360 197 198 364 
427 204 185 361 365 186 
428 204 361 362 366 365 
429 204 362 363 367 366 
430 204 363 364 368 367 
431 204 364 198 199 368 
432 204 186 365 200 173 
433 204 365 366 201 200 
434 204 366 367 202 201 
435 204 367 368 203 202 
436 204 368 199 175 203 
437 204 174 261 369 189 
438 204 261 262 370 369 
439 204 262 263 371 370 
440 204 263 264 372 371 
441 204 264 265 373 372 
442 204 265 266 374 373 
443 204 266 267 375 374 
444 204 267 268 376 375 
445 204 268 269 377 376 
446 204 269 270 378 377 
447 204 270 271 379 378 
448 204 271 272 380 379 
449 204 272 273 381 380 
450 204 273 274 382 381 
451 204 274 275 383 382 
452 204 275 276 384 383 
453 204 276 277 385 384 
454 204 277 278 386 385 
455 204 278 279 387 386 
456 204 279 280 388 387 
457 204 280 281 389 388 
458 204 281 282 390 389 
459 204 282 283 391 390 
460 204 283 284 392 391 
461 204 284 285 393 392 
462 204 285 286 394 393 
463 204 286 287 395 394 
464 204 287 288 396 395 
465 204 288 289 397 396 
466 204 289 290 398 397 
467 204 290 291 399 398 
468 204 291 292 400 399 
469 204 292 293 401 400 
470 204 293 294 402 401 
471 204 294 295 403 402 
472 204 295 296 404 403 
473 204 296 297 405 404 
474 204 297 298 406 405 
475 204 298 299 407 406 
476 204 299 300 408 407 
477 204 300 301 409 408 
478 204 301 302 410 409 
479 204 302 303 411 410 
480 204 303 304 412 411 
481 204 304 305 413 412 
482 204 305 306 414 413 
483 204 306 307 415 414 
484 204 307 308 416 415 
485 204 308 309 417 416 
486 204 309 310 418 417 
487 204 310 311 419 418 
488 204 311 312 420 419 
489 204 312 313 421 420 
490 204 313 1 16 421 
491 204 189 369 422 190 
492 204 369 370 423 422 
493 204 370 371 424 423 
494 204 371 372 425 424 
495 204 372 373 426 425 
496 204 373 374 427 426 
497 204 374 375 428 427 
498 204 375 376 429 428 
499 204 376 377 430 429 
500 204 377 378 431 430 
501 204 378 379 432 431 
502 204 379 380 433 432 
503 204 380 381 434 433 
504 204 381 382 435 434 
505 204 382 383 436 435 
506 204 383 384 437 436 
507 204 384 385 438 437 
508 204 385 386 439 438 
509 204 386 387 440 439 
510 204 387 388 441 440 
511 204 388 389 442 441 
512 204 389 390 443 442 
513 204 390 391 444 443 
514 204 391 392 445 444 
515 204 392 393 446 445 
516 204 393 394 447 446 
517 204 394 395 448 447 
518 204 395 396 449 448 
519 204 396 397 450 449 
520 204 397 398 451 450 
521 204 398 399 452 451 
522 204 399 400 453 452 
523 204 400 401 454 453 
524 204 401 402 455 454 
525 204 402 403 456 455 
526 204 403 404 457 456 
527 204 404 405 458 457 
528 204 405 406 459 458 
529 204 406 407 460 459 
530 204 407 408 461 460 
531 204 408 409 462 461 
532 204 409 410 463 462 
533 204 410 411 464 463 
534 204 411 412 465 464 
535 204 412 413 466 465 
536 204 413 414 467 466 
537 204 414 415 468 467 
538 204 415 416 469 468 
539 204 416 417 470 469 
540 204 417 418 471 470 
541 204 418 419 472 471 
542 204 419 420 473 472 
543 204 420 421 474 473 
544 204 421 16 17 474 
545 204 190 422 475 191 
546 204 422 423 476 475 
547 204 423 424 477 476 
548 204 424 425 478 477 
549 204 425 426 479 478 
550 204 426 427 480 479 
551 204 427 428 481 480 
552 204 428 429 482 481 
553 204 429 430 483 482 
554 204 430 431 484 483 
555 204 431 432 485 484 
556 204 432 433 486 485 
557 204 433 434 487 486 
558 204 434 435 488 487 
559 204 435 436 489 488 
560 204 436 437 490 489 
561 204 437 438 491 490 
562 204 438 439 492 491 
563 204 439 440 493 492 
564 204 440 441 494 493 
565 204 441 442 495 494 
566 204 442 443 496 495 
567 204 443 444 497 496 
568 204 444 445 498 497 
569 204 445 446 499 498 
570 204 446 447 500 499 
571 204 447 448 501 500 
572 204 448 449 502 501 
573 204 449 450 503 502 
574 204 450 451 504 503 
575 204 451 452 505 504 
576 204 452 453 506 505 
577 204 453 454 507 506 
578 204 454 455 508 507 
579 204 455 456 509 508 
580 204 456 457 510 509 
581 204 457 458 511 510 
582 204 458 459 512 511 
583 204 459 460 513 512 
584 204 460 461 514 513 
585 204 461 462 515 514 
586 204 462 463 516 515 
587 204 463 464 517 516 
588 204 464 465 518 517 
589 204 465 466 519 518 
590 204 466 467 520 519 
591 204 467 468 521 520 
592 204 468 469 522 521 
593 204 469 470 523 522 
594 204 470 471 524 523 
595 204 471 472 525 524 
596 204 472 473 526 525 
597 204 473 474 527 526 
598 204 474 17 18 527 
599 204 191 475 528 192 
600 204 475 476 529 528 
601 204 476 477 530 529 
602 204 477 478 531 530 
603 204 478 479 532 531 
604 204 479 480 533 532 
605 204 480 481 534 533 
606 204 481 482 535 534 
607 204 482 483 536 535 
608 204 483 484 537 536 
609 204 484 485 538 537 
610 204 485 486 539 538 
611 204 486 487 540 539 
612 204 487 488 541 540 
613 204 488 489 542 541 
614 204 489 490 543 542 
615 204 490 491 544 543 
616 204 491 492 545 544 
617 204 492 493 546 545 
618 204 493 494 547 546 
619 204 494 495 548 547 
620 204 495 496 549 548 
621 204 496 497 550 549 
622 204 497 498 551 550 
623 204 498 499 552 551 
624 204 499 500 553 552 
625 204 500 501 554 553 
626 204 501 502 555 554 
627 204 502 503 556 555 
628 204 503 504 557 556 
629 204 504 505 558 557 
630 204 505 506 559 558 
631 204 506 507 560 559 
632 204 507 508 561 560 
633 204 508 509 562 561 
634 204 509 510 563 562 
635 204 510 511 564 563 
636 204 511 512 565 564 
637 204 512 513 566 565 
638 204 513 514 567 566 
639 204 514 515 568 567 
640 204 515 516 569 568 
641 204 516 517 570 569 
642 204 517 518 571 570 
643 204 518 519 572 571 
644 204 519 520 573 572 
645 204 520 521 574 573 
646 204 521 522 575 574 
647 204 522 523 576 575 
648 204 523 524 577 576 
649 204 524 525 578 577 
650 204 525 526 579 578 
651 204 526 527 580 579 
652 204 527 18 19 580 
653 204 192 528 581 193 
654 204 528 529 582 581 
655 204 529 530 583 582 
656 204 530 531 584 583 
657 204 531 532 585 584 
658 204 532 533 586 585 
659 204 533 534 587 586 
660 204 534 535 588 587 
661 204 535 536 589 588 
662 204 536 537 590 589 
663 204 537 538 591 590 
664 204 538 539 592 591 
665 204 539 540 593 592 
666 204 540 541 594 593 
667 204 541 542 595 594 
668 204 542 543 596 595 
669 204 543 544 597 596 
670 204 544 545 598 597 
671 204 545 546 599 598 
672 204 546 547 600 599 
673 204 547 548 601 600 
674 204 548 549 602 601 
675 204 549 550 603 602 
676 204 550 551 604 603 
677 204 551 552 605 604 
678 204 552 553 606 605 
679 204 553 554 607 606 
680 204 554 555 608 607 
681 204 555 556 609 608 
682 204 556 557 610 609 
683 204 557 558 611 610 
684 204 558 559 612 611 
685 204 559 560 613 612 
686 204 560 561 614 613 
687 204 561 562 615 614 
688 204 562 563 616 615 
689 204 563 564 617 616 
690 204 564 565 618 617 
691 204 565 566 619 618 
692 204 566 567 620 619 
693 204 567 568 621 620 
694 204 568 569 622 621 
695 204 569 570 623 622 
696 204 570 571 624 623 
697 204 571 572 625 624 
698 204 572 573 626 625 
699 204 573 574 627 626 
700 204 574 575 628 627 
701 204 575 576 629 628 
702 204 576 577 630 629 
703 204 577 578 631 630 
704 204 578 579 632 631 
705 204 579 580 633 632 
706 204 580 19 20 633 
707 204 193 581 634 194 
708 204 581 582 635 634 
709 204 582 583 636 635 
710 204 583 584 637 636 
711 204 584 585 638 637 
712 204 585 586 639 638 
713 204 586 587 640 639 
714 204 587 588 641 640 
715 204 588 589 642 641 
716 204 589 590 643 642 
717 204 590 591 644 643 
718 204 591 592 645 644 
719 204 592 593 646 645 
720 204 593 594 647 646 
721 204 594 595 648 647 
722 204 595 596 649 648 
723 204 596 597 650 649 
724 204 597 598 651 650 
725 204 598 599 652 651 
726 204 599 600 653 652 
727 204 600 601 654 653 
728 204 601 602 655 654 
729 204 602 603 656 655 
730 204 603 604 657 656 
731 204 604 605 658 657 
732 204 605 606 659 658 
733 204 606 607 660 659 
734 204 607 608 661 660 
735 204 608 609 662 661 
736 204 609 610 663 662 
737 204 610 611 664 663 
738 204 611 612 665 664 
739 204 612 613 666 665 
740 204 613 614 667 666 
741 204 614 615 668 667 
742 204 615 616 669 668 
743 204 616 617 670 669 
744 204 617 618 671 670 
745 204 618 619 672 671 
746 204 619 620 673 672 
747 204 620 621 674 673 
748 204 621 622 675 674 
749 204 622 623 676 675 
750 204 623 624 677 676 
751 204 624 625 678 677 
752 204 625 626 679 678 
753 204 626 627 680 679 
754 204 627 628 681 680 
755 204 628 629 682 681 
756 204 629 630 683 682 
757 204 630 631 684 683 
758 204 631 632 685 684 
759 204 632 633 686 685 
760 204 633 20 21 686 
761 204 194 634 687 195 
762 204 634 635 688 687 
763 204 635 636 689 688 
764 204 636 637 690 689 
765 204 637 638 691 690 
766 204 638 639 692 691 
767 204 639 640 693 692 
768 204 640 641 694 693 
769 204 641 642 695 694 
770 204 642 643 696 695 
771 204 643 644 697 696 
772 204 644 645 698 697 
773 204 645 646 699 698 
774 204 646 647 700 699 
775 204 647 648 701 700 
776 204 648 649 702 701 
777 204 649 650 703 702 
778 204 650 651 704 703 
779 204 651 652 705 704 
780 204 652 653 706 705 
781 204 653 654 707 706 
782 204 654 655 708 707 
783 204 655 656 709 708 
784 204 656 657 710 709 
785 204 657 658 711 710 
786 204 658 659 712 711 
787 204 659 660 713 712 
788 204 660 661 714 713 
789 204 661 662 715 714 
790 204 662 663 716 715 
791 204 663 664 717 716 
792 204 664 665 718 717 
793 204 665 666 719 718 
794 204 666 667 720 719 
795 204 667 668 721 720 
796 204 668 669 722 721 
797 204 669 670 723 722 
798 204 670 671 724 723 
799 204 671 672 725 724 
800 204 672 673 726 725 
801 204 673 674 727 726 
802 204 674 675 728 727 
803 204 675 676 729 728 
804 204 676 677 730 729 
805 204 677 678 731 730 
806 204 678 679 732 731 
807 204 679 680 733 732 
808 204 680 681 734 733 
809 204 681 682 735 734 
810 204 682 683 736 735 
811 204 683 684 737 736 
812 204 684 685 738 737 
813 204 685 686 739 738 
814 204 686 21 22 739 
815 204 195 687 740 196 
816 204 687 688 741 740 
817 204 688 689 742 741 
818 204 689 690 743 742 
819 204 690 691 744 743 
820 204 691 692 745 744 
821 204 692 693 746 745 
822 204 693 694 747 746 
823 204 694 695 748 747 
824 204 695 696 749 748 
825 204 696 697 750 749 
826 204 697 698 751 750 
827 204 698 699 752 751 
828 204 699 700 753 752 
829 204 700 701 754 753 
830 204 701 702 755 754 
831 204 702 703 756 755 
832 204 703 704 757 756 
833 204 704 705 758 757 
834 204 705 706 759 758 
835 204 706 707 760 759 
836 204 707 708 761 760 
837 204 708 709 762 761 
838 204 709 710 763 762 
839 204 710 711 764 763 
840 204 711 712 765 764 
841 204 712 713 766 765 
842 204 713 714 767 766 
843 204 714 715 768 767 
844 204 715 716 769 768 
845 204 716 717 770 769 
846 204 717 718 771 770 
847 204 718 719 772 771 
848 204 719 720 773 772 
849 204 720 721 774 773 
850 204 721 722 775 774 
851 204 722 723 776 775 
852 204 723 724 777 776 
853 204 724 725 778 777 
854 204 725 726 779 778 
855 204 726 727 780 779 
856 204 727 728 781 780 
857 204 728 729 782 781 
858 204 729 730 783 782 
859 204 730 731 784 783 
860 204 731 732 785 784 
861 204 732 733 786 785 
862 204 733 734 787 786 
863 204 734 735 788 787 
864 204 735 736 789 788 
865 204 736 737 790 789 
866 204 737 738 791 790 
867 204 738 739 792 791 
868 204 739 22 23 792 
869 204 196 740 793 197 
870 204 740 741 794 793 
871 204 741 742 795 794 
872 204 742 743 796 795 
873 204 743 744 797 796 
874 204 744 745 798 797 
875 204 745 746 799 798 
876 204 746 747 800 799 
877 204 747 748 801 800 
878 204 748 749 802 801 
879 204 749 750 803 802 
880 204 750 751 804 803 
881 204 751 752 805 804 
882 204 752 753 806 805 
883 204 753 754 807 806 
884 204 754 755 808 807 
885 204 755 756 809 808 
886 204 756 757 810 809 
887 204 757 758 811 810 
888 204 758 759 812 811 
889 204 759 760 813 812 
890 204 760 761 814 813 
891 204 761 762 815 814 
892 204 762 763 816 815 
893 204 763 764 817 816 
894 204 764 765 818 817 
895 204 765 766 819 818 
896 204 766 767 820 819 
897 204 767 768 821 820 
898 204 768 769 822 821 
899 204 769 770 823 822 
900 204 770 771 824 823 
901 204 771 772 825 824 
902 204 772 773 826 825 
903 204 773 774 827 826 
904 204 774 775 828 827 
905 204 775 776 829 828 
906 204 776 777 830 829 
907 204 777 778 831 830 
908 204 778 779 832 831 
909 204 779 780 833 832 
910 204 780 781 834 833 
911 204 781 782 835 834 
912 204 782 783 836 835 
913 204 783 784 837 836 
914 204 784 785 838 837 
915 204 785 786 839 838 
916 204 786 787 840 839 
917 204 787 788 841 840 
918 204 788 789 842 841 
919 204 789 790 843 842 
920 204 790 791 844 843 
921 204 791 792 845 844 
922 204 792 23 24 845 
923 204 197 793 846 198 
924 204 793 794 847 846 
925 204 794 795 848 847 
926 204 795 796 849 848 
927 204 796 797 850 849 
928 204 797 798 851 850 
929 204 798 799 852 851 
930 204 799 800 853 852 
931 204 800 801 854 853 
932 204 801 802 855 854 
933 204 802 803 856 855 
934 204 803 804 857 856 
935 204 804 805 858 857 
936 204 805 806 859 858 
937 204 806 807 860 859 
938 204 807 808 861 860 
939 204 808 809 862 861 
940 204 809 810 863 862 
941 204 810 811 864 863 
942 204 811 812 865 864 
943 204 812 813 866 865 
944 204 813 814 867 866 
945 204 814 815 868 867 
946 204 815 816 869 868 
947 204 816 817 870 869 
948 204 817 818 871 870 
949 204 818 819 872 871 
950 204 819 820 873 872 
951 204 820 821 874 873 
952 204 821 822 875 874 
953 204 822 823 876 875 
954 204 823 824 877 876 
955 204 824 825 878 877 
956 204 825 826 879 878 
957 204 826 827 880 879 
958 204 827 828 881 880 
959 204 828 829 882 881 
960 204 829 830 883 882 
961 204 830 831 884 883 
962 204 831 832 885 884 
963 204 832 833 886 885 
964 204 833 834 887 886 
965 204 834 835 888 887 
966 204 835 836 889 888 
967 204 836 837 890 889 
968 204 837 838 891 890 
969 204 838 839 892 891 
970 204 839 840 893 892 
971 204 840 841 894 893 
972 204 841 842 895 894 
973 204 842 843 896 895 
974 204 843 844 897 896 
975 204 844 845 898 897 
976 204 845 24 25 898 
977 204 198 846 899 199 
978 204 846 847 900 899 
979 204 847 848 901 900 
980 204 848 849 902 901 
981 204 849 850 903 902 
982 204 850 851 904 903 
983 204 851 852 905 904 
984 204 852 853 906 905 
985 204 853 854 907 906 
986 204 854 855 908 907 
987 204 855 856 909 908 
988 204 856 857 910 909 
989 204 857 858 911 910 
990 204 858 859 912 911 
991 204 859 860 913 912 
992 204 860 861 914 913 
993 204 861 862 915 914 
994 204 862 863 916 915 
995 204 863 864 917 916 
996 204 864 865 918 917 
997 204 865 866 919 918 
998 204 866 867 920 919 
999 204 867 868 921 920 
1000 204 868 869 922 921 
1001 204 869 870 923 922 
1002 204 870 871 924 923 
1003 204 871 872 925 924 
1004 204 872 873 926 925 
1005 204 873 874 927 926 
1006 204 874 875 928 927 
1007 204 875 876 929 928 
1008 204 876 877 930 929 
1009 204 877 878 931 930 
1010 204 878 879 932 931 
1011 204 879 880 933 932 
1012 204 880 881 934 933 
1013 204 881 882 935 934 
1014 204 882 883 936 935 
1015 204 883 884 937 936 
1016 204 884 885 938 937 
1017 204 885 886 939 938 
1018 204 886 887 940 939 
1019 204 887 888 941 940 
1020 204 888 889 942 941 
1021 204 889 890 943 942 
1022 204 890 891 944 943 
1023 204 891 892 945 944 
1024 204 892 893 946 945 
1025 204 893 894 947 946 
1026 204 894 895 948 947 
1027 204 895 896 949 948 
1028 204 896 897 950 949 
1029 204 897 898 951 950 
1030 204 898 25 26 951 
1031 204 199 899 208 175 
1032 204 899 900 209 208 
1033 204 900 901 210 209 
1034 204 901 902 211 210 
1035 204 902 903 212 211 
1036 204 903 904 213 212 
1037 204 904 905 214 213 
1038 204 905 906 215 214 
1039 204 906 907 216 215 
1040 204 907 908 217 216 
1041 204 908 909 218 217 
1042 204 909 910 219 218 
1043 204 910 911 220 219 
1044 204 911 912 221 220 
1045 204 912 913 222 221 
1046 204 913 914 223 222 
1047 204 914 915 224 223 
1048 204 915 916 225 224 
1049 204 916 917 226 225 
1050 204 917 918 227 226 
1051 204 918 919 228 227 
1052 204 919 920 229 228 
1053 204 920 921 230 229 
1054 204 921 922 231 230 
1055 204 922 923 232 231 
1056 204 923 924 233 232 
1057 204 924 925 234 233 
1058 204 925 926 235 234 
1059 204 926 927 236 235 
1060 204 927 928 237 236 
1061 204 928 929 238 237 
1062 204 929 930 239 238 
1063 204 930 931 240 239 
1064 204 931 932 241 240 
1065 204 932 933 242 241 
1066 204 933 934 243 242 
1067 204 934 935 244 243 
1068 204 935 936 245 244 
1069 204 936 937 246 245 
1070 204 937 938 247 246 
1071 204 938 939 248 247 
1072 204 939 940 249 248 
1073 204 940 941 250 249 
1074 204 941 942 251 250 
1075 204 942 943 252 251 
1076 204 943 944 253 252 
1077 204 944 945 254 253 
1078 204 945 946 255 254 
1079 204 946 947 256 255 
1080 204 947 948 257 256 
1081 204 948 949 258 257 
1082 204 949 950 259 258 
1083 204 950 951 260 259 
1084 204 951 26 2 260 
